Parameter    Mean    Median    Mode    Std    68% Min Cred Int    95% Min Cred Int
sma   5.999739181917811   4.655249120300166   3.0598711474268345   5.401422820624165   (2.643981632932587, 6.08848343311335)   (2.4671081725876176, 13.53121027208341)
period   38082.09556510596   21785.12552570764   11657.288759122195   115706.57167565826   (8862.187211044102, 32308.75688682963)   (7656.752985525608, 107628.52265896696)
orbit fraction   0.824403167335126   0.8374438709496497   0.826516154624636   0.14659593053887043   (0.7665260096249118, 0.9113974378103262)   (0.7017646942457324, 0.9999710365192302)
t0   -29025.346224022214   -14967.699664291289   -7572.164881590754   110141.72550688768   (-25298.590331076888, -4777.134626769798)   (-86851.27942792664, 2010.8237411886387)
ecc   0.6584172683372063   0.7049529434211208   0.9895828992755538   0.2739463104397431   (0.5058708392619975, 0.9999949541755692)   (0.16978700470596164, 0.9999994705616525)
inc   98.10845572362626   94.492222603731   93.02516443558201   14.718481753553483   (87.71768065738335, 100.6183587802811)   (77.43447718524936, 140.42471017867223)
aop   187.0504770899015   179.46843480103462   187.65966923912754   109.79585461358738   (140.87326389335567, 359.9998334726775)   (0.005786745886311451, 351.5180722946581)
lan   -19.52761675805444   18.136193088436784   -158.0062169379138   118.00415647689933   (-161.83519350068804, 21.76854840041941)   (-161.83549341495205, 197.25986575717494)
mtot   0.8728089518939895   0.8727954636188557   0.88991826769934   0.05654458327775672   (0.8153965922836955, 0.9284710504793663)   (0.7609338473242495, 0.9862892325150682)
distance   159.75872111451187   159.75303904590683   159.66372398721575   3.0102125710074916   (156.69342974529843, 162.72683972666792)   (153.79328084982546, 165.80165202297297)
