	wave	flux
      3001.06  2.75136e-14
      3002.09  1.21926e-14
      3003.12 -7.88386e-15
      3004.15 -2.86340e-14
      3005.18  1.74145e-14
      3006.21 -4.43747e-16
      3007.24 -1.55866e-14
      3008.27 -1.50439e-15
      3009.30  6.21862e-14
      3010.33  5.05258e-15
      3011.36  3.56586e-15
      3012.39  2.01347e-15
      3013.42 -5.36420e-15
      3014.45  1.59688e-14
      3015.49  9.66140e-15
      3016.52 -3.40418e-15
      3017.55 -1.40548e-15
      3018.58  1.93041e-14
      3019.61 -1.33985e-14
      3020.64 -1.33091e-14
      3021.67  6.28916e-15
      3022.70 -1.02672e-14
      3023.74  5.73512e-15
      3024.77 -1.53307e-14
      3025.80 -1.83775e-14
      3026.83  2.28336e-15
      3027.86  2.92307e-15
      3028.89 -1.18880e-15
      3029.93  9.44552e-15
      3030.96 -6.37636e-15
      3031.99  7.24672e-16
      3033.02 -1.23616e-14
      3034.05  3.54670e-15
      3035.09  1.01141e-14
      3036.12  6.98851e-15
      3037.15  1.04305e-14
      3038.18  3.08455e-15
      3039.22  7.40030e-15
      3040.25 -6.12250e-15
      3041.28  1.02466e-15
      3042.31 -4.23472e-15
      3043.35  3.15879e-15
      3044.38  1.83429e-15
      3045.41 -3.33116e-15
      3046.45 -3.85150e-16
      3047.48 -2.00698e-15
      3048.51 -1.12854e-15
      3049.55 -8.86686e-16
      3050.58 -1.65339e-15
      3051.61  3.82426e-16
      3052.65 -6.74792e-15
      3053.68 -1.01590e-15
      3054.71 -8.69838e-15
      3055.75 -1.61078e-15
      3056.78  1.14081e-14
      3057.81 -1.64054e-14
      3058.85  4.82241e-15
      3059.88 -7.03872e-15
      3060.92 -4.71027e-15
      3061.95  1.16174e-14
      3062.98 -7.55041e-15
      3064.02  3.42191e-15
      3065.05 -1.07900e-14
      3066.09 -3.71293e-15
      3067.12 -1.51123e-14
      3068.16 -7.18911e-15
      3069.19  2.41475e-15
      3070.23  1.04591e-14
      3071.26 -4.21038e-15
      3072.30  4.15168e-15
      3073.33  9.51764e-16
      3074.37 -8.23381e-16
      3075.40  3.22535e-15
      3076.44 -6.86628e-15
      3077.47  1.52352e-15
      3078.51 -4.27522e-15
      3079.54  8.99648e-15
      3080.58 -2.89333e-15
      3081.61  5.36911e-16
      3082.65  2.21881e-15
      3083.68  2.62341e-15
      3084.72  8.24439e-15
      3085.75  5.56572e-15
      3086.79  4.84872e-15
      3087.83 -6.99991e-15
      3088.86 -9.61082e-15
      3089.90  4.23858e-16
      3090.93  2.50705e-15
      3091.97  4.37175e-15
      3093.01  9.18618e-16
      3094.04  2.41550e-15
      3095.08  1.07730e-15
      3096.12  4.47348e-15
      3097.15 -6.33274e-15
      3098.19 -2.09145e-15
      3099.23 -9.09761e-16
      3100.26  1.57281e-15
      3101.30  1.12022e-15
      3102.34 -4.43172e-15
      3103.37  5.64938e-15
      3104.41  7.63868e-15
      3105.45  3.81143e-17
      3106.48 -4.30313e-15
      3107.52  3.91810e-15
      3108.56  4.06191e-15
      3109.60  4.35021e-15
      3110.63 -5.70665e-15
      3111.67 -2.20884e-15
      3112.71  3.09312e-15
      3113.75  2.28459e-15
      3114.78 -3.97966e-15
      3115.82 -5.81752e-15
      3116.86 -4.99104e-15
      3117.90  2.83149e-15
      3118.93  1.70849e-16
      3119.97 -7.70761e-16
      3121.01  1.81574e-15
      3122.05 -4.27677e-16
      3123.09 -2.98638e-15
      3124.13 -3.18924e-15
      3125.16  4.23753e-16
      3126.20 -1.63553e-15
      3127.24  4.72338e-16
      3128.28 -7.21884e-16
      3129.32  1.71505e-15
      3130.36 -3.26233e-15
      3131.40 -3.52849e-15
      3132.43 -6.32883e-16
      3133.47  1.09846e-15
      3134.51 -3.54731e-16
      3135.55 -1.98076e-15
      3136.59  5.29462e-15
      3137.63  1.44738e-15
      3138.67  2.39314e-15
      3139.71 -1.11141e-15
      3140.75 -7.54254e-16
      3141.79  3.79163e-15
      3142.83  2.08093e-15
      3143.87  3.11971e-15
      3144.91  2.65325e-15
      3145.95  8.71180e-16
      3146.99  3.90410e-16
      3148.02  1.31454e-15
      3149.07 -3.60583e-16
      3150.10  2.69673e-15
      3151.15  8.17389e-16
      3152.19  2.00008e-15
      3153.23  7.03217e-16
      3154.27  2.48049e-15
      3155.31  1.39292e-15
      3156.35 -1.88619e-15
      3157.39  3.85362e-15
      3158.43  4.50691e-16
      3159.47  5.42334e-16
      3160.51 -6.95746e-16
      3161.55 -5.63770e-16
      3162.59  1.61899e-15
      3163.63  1.34918e-15
      3164.67 -2.55955e-15
      3165.71  2.23316e-15
      3166.75 -1.37600e-15
      3167.79 -1.59454e-16
      3168.84  7.16526e-16
      3169.88 -7.31897e-16
      3170.92  8.50313e-16
      3171.96  3.26548e-16
      3173.00 -1.25682e-15
      3174.04  3.84160e-16
      3175.08  6.00032e-16
      3176.13  2.96713e-16
      3177.17  7.67490e-16
      3178.21  2.61375e-16
      3179.25 -8.69361e-16
      3180.29  2.00842e-15
      3181.34 -1.29724e-15
      3182.38 -1.36047e-16
      3183.42  5.86575e-17
      3184.46  1.95003e-16
      3185.50 -5.30010e-16
      3186.55  3.57473e-16
      3187.59 -1.69315e-15
      3188.63 -7.63972e-16
      3189.67  2.46630e-15
      3190.72  1.01933e-15
      3191.76 -7.75204e-16
      3192.80  5.97193e-16
      3193.84 -1.39544e-15
      3194.89  1.72005e-15
      3195.93  8.16638e-16
      3196.97  3.59556e-16
      3198.02 -1.89363e-16
      3199.06 -5.53106e-16
      3200.10 -1.18218e-15
      3201.15 -1.26860e-16
      3202.19 -6.23905e-16
      3203.23 -3.07878e-15
      3204.28  1.61732e-15
      3205.32 -8.40342e-16
      3206.36  3.36861e-16
      3207.41 -1.27450e-16
      3208.45  3.18895e-16
      3209.49  1.18919e-15
      3210.54 -1.54391e-15
      3211.58  2.40944e-16
      3212.62 -2.20909e-15
      3213.67  9.56652e-16
      3214.71 -1.81152e-15
      3215.76  1.21746e-15
      3216.80 -1.34755e-16
      3217.85 -2.56354e-16
      3218.89 -4.86663e-16
      3219.93 -2.16294e-16
      3220.98  9.76933e-16
      3222.02 -1.03673e-15
      3223.07  1.30145e-15
      3224.11 -1.96665e-15
      3225.16 -7.12297e-16
      3226.20 -6.77709e-16
      3227.25 -3.75909e-16
      3228.29 -1.71457e-15
      3229.34  2.59818e-16
      3230.38  8.85435e-16
      3231.43 -1.02805e-15
      3232.47 -4.18136e-16
      3233.52  9.03761e-16
      3234.56  3.85039e-16
      3235.61  5.60211e-16
      3236.65 -1.19606e-15
      3237.70  3.14880e-16
      3238.74 -1.77297e-15
      3239.79  1.17534e-15
      3240.83  1.17975e-15
      3241.88 -6.26856e-16
      3242.93  1.32542e-15
      3243.97  6.80122e-16
      3245.02  2.27637e-16
      3246.06 -9.94895e-16
      3247.11  4.62473e-16
      3248.16  4.26111e-16
      3249.20  9.48695e-16
      3250.25 -1.06973e-15
      3251.29  6.25998e-16
      3252.34  2.02457e-17
      3253.39  1.97724e-15
      3254.43 -1.82828e-15
      3255.48 -7.04773e-16
      3256.53 -9.17241e-16
      3257.57  1.46831e-15
      3258.62  8.45590e-16
      3259.67  4.97301e-16
      3260.71 -3.89732e-16
      3261.76  5.73837e-16
      3262.81  1.99137e-15
      3263.85  4.76471e-16
      3264.90  1.59998e-16
      3265.95  7.15579e-16
      3267.00  1.12307e-15
      3268.04 -3.77105e-16
      3269.09 -1.43423e-16
      3270.14  8.76910e-16
      3271.19  3.87502e-16
      3272.23  1.14133e-16
      3273.28  4.95533e-16
      3274.33  1.54279e-15
      3275.38 -1.54879e-15
      3276.42  1.86457e-16
      3277.47 -6.30826e-16
      3278.52  1.50408e-15
      3279.57 -1.02385e-15
      3280.62  5.63918e-17
      3281.66 -2.53461e-16
      3282.71 -4.95794e-16
      3283.76 -3.35694e-16
      3284.81  1.91742e-16
      3285.86  4.19643e-16
      3286.90  3.84536e-16
      3287.95  7.12993e-16
      3289.00 -6.74590e-17
      3290.05  6.48170e-17
      3291.10 -2.08461e-17
      3292.15 -1.04445e-15
      3293.20  2.12023e-16
      3294.24  2.35181e-16
      3295.29  2.40746e-16
      3296.34 -7.47474e-16
      3297.39 -2.63923e-16
      3298.44 -1.38655e-15
      3299.49  1.55332e-16
      3300.54 -4.18226e-16
      3301.59  1.02896e-15
      3302.64 -4.71074e-16
      3303.69  2.00545e-15
      3304.74 -8.51133e-18
      3305.79  7.97251e-16
      3306.84  6.75120e-18
      3307.89  2.86654e-16
      3308.93  7.16902e-16
      3309.98  1.88727e-16
      3311.03 -3.94687e-16
      3312.08  3.82987e-16
      3313.13 -3.65467e-16
      3314.18 -1.06162e-15
      3315.23  9.03531e-16
      3316.28  4.69335e-16
      3317.33 -1.97305e-16
      3318.38 -1.98899e-16
      3319.43 -1.24285e-15
      3320.48  1.12946e-16
      3321.53  9.98533e-16
      3322.59  1.18176e-15
      3323.64  4.96990e-17
      3324.69 -8.23047e-16
      3325.74  7.57637e-16
      3326.79  9.56169e-16
      3327.84  5.14320e-16
      3328.89 -1.26801e-16
      3329.94 -6.68833e-17
      3330.99  1.09616e-16
      3332.04  6.74158e-16
      3333.09  8.61748e-16
      3334.14  5.23070e-16
      3335.20  4.40308e-16
      3336.25  1.33779e-16
      3337.30 -5.62186e-16
      3338.35  1.42031e-15
      3339.40 -4.81163e-16
      3340.45 -9.52762e-17
      3341.50 -4.53175e-16
      3342.55  2.32489e-16
      3343.61  3.01313e-16
      3344.66  1.13580e-16
      3345.71 -1.71856e-16
      3346.76  6.83907e-16
      3347.81 -3.47706e-16
      3348.87 -1.10944e-15
      3349.92 -4.20881e-16
      3350.97  3.26802e-16
      3352.02  5.42499e-16
      3353.07 -5.40318e-16
      3354.13  4.66926e-16
      3355.18  3.49796e-16
      3356.23 -2.61700e-16
      3357.28 -8.06637e-16
      3358.33 -6.55345e-17
      3359.39  1.77868e-16
      3360.44 -5.04859e-16
      3361.49  1.21133e-16
      3362.55  5.08407e-16
      3363.60 -7.27292e-16
      3364.65 -3.63918e-17
      3365.70 -9.89756e-16
      3366.76  2.67404e-16
      3367.81  2.99763e-16
      3368.86  1.24927e-16
      3369.92  1.18092e-16
      3370.97 -1.73087e-16
      3372.02  6.66632e-16
      3373.07 -6.18855e-16
      3374.13  1.26054e-16
      3375.18  6.48935e-16
      3376.23  1.03803e-15
      3377.29  1.61389e-16
      3378.34 -7.70459e-16
      3379.40 -3.03863e-16
      3380.45 -1.11582e-16
      3381.50 -6.31196e-17
      3382.56 -4.66643e-17
      3383.61 -1.54567e-16
      3384.66 -4.00121e-17
      3385.72  7.89162e-16
      3386.77 -4.67392e-16
      3387.83  2.63858e-17
      3388.88  1.22412e-15
      3389.93  6.70621e-16
      3390.99  6.63427e-16
      3392.04 -4.74939e-16
      3393.10 -2.75812e-16
      3394.15 -8.62981e-16
      3395.21 -3.94072e-16
      3396.26 -1.79070e-16
      3397.31  1.09893e-16
      3398.37 -4.64434e-16
      3399.42  2.42262e-16
      3400.48  4.35367e-16
      3401.53  8.10816e-17
      3402.59  5.07648e-16
      3403.64 -2.14754e-16
      3404.70  3.48103e-17
      3405.75 -3.61741e-16
      3406.81  3.62643e-16
      3407.86  2.14202e-16
      3408.92  5.26343e-16
      3409.97 -2.82174e-16
      3411.03 -4.12422e-16
      3412.08  1.04211e-16
      3413.14  8.70311e-16
      3414.20 -5.09612e-16
      3415.25 -1.14436e-16
      3416.31  1.08379e-16
      3417.36 -5.70854e-16
      3418.42  5.47622e-16
      3419.47  4.16744e-16
      3420.53 -7.81265e-16
      3421.58  1.20699e-16
      3422.64  9.37848e-17
      3423.70  2.31482e-16
      3424.75 -7.90193e-16
      3425.81 -3.64902e-16
      3426.86  8.59471e-17
      3427.92  2.83723e-17
      3428.98 -5.70661e-16
      3430.03  8.62495e-17
      3431.09  2.10452e-17
      3432.15 -1.54122e-16
      3433.20  4.05815e-16
      3434.26 -8.19909e-16
      3435.32  9.85146e-17
      3436.37 -2.05275e-16
      3437.43 -1.37760e-16
      3438.49 -1.71015e-16
      3439.54  1.21823e-16
      3440.60 -2.92020e-16
      3441.66  5.49320e-16
      3442.71  4.10570e-16
      3443.77  4.58518e-16
      3444.83  6.37914e-16
      3445.88  1.12964e-16
      3446.94 -5.26836e-16
      3448.00  6.16044e-16
      3449.06 -7.73994e-16
      3450.11 -1.09047e-16
      3451.17  2.74370e-16
      3452.23 -6.25576e-17
      3453.28  6.01355e-16
      3454.34  3.67259e-16
      3455.40  5.84933e-16
      3456.46  7.00763e-17
      3457.52 -3.32702e-17
      3458.57  8.89083e-16
      3459.63  3.35011e-16
      3460.69  8.11747e-17
      3461.75 -2.55400e-16
      3462.80 -3.88635e-17
      3463.86 -3.68408e-16
      3464.92 -6.66221e-16
      3465.98  5.27867e-17
      3467.04  1.57842e-16
      3468.09  5.17139e-16
      3469.15  2.60783e-16
      3470.21 -3.34714e-16
      3471.27  9.93706e-16
      3472.33  5.64860e-16
      3473.39 -1.24184e-17
      3474.45 -2.65827e-16
      3475.50 -1.04803e-16
      3476.56  1.41178e-17
      3477.62 -2.88616e-16
      3478.68 -5.45272e-16
      3479.74  3.68913e-19
      3480.80  7.05277e-16
      3481.86  2.17600e-16
      3482.92  2.30429e-16
      3483.97  1.70413e-16
      3485.03 -4.08585e-16
      3486.09  2.72514e-16
      3487.15 -8.25951e-17
      3488.21  6.51172e-16
      3489.27  4.90917e-16
      3490.33 -2.91249e-17
      3491.39 -3.24259e-16
      3492.45  1.47518e-17
      3493.51  3.07237e-16
      3494.57  7.83745e-16
      3495.63  2.67848e-16
      3496.69  6.36842e-17
      3497.75  1.37324e-16
      3498.81  3.42808e-16
      3499.87 -4.95899e-16
      3500.93 -1.17411e-16
      3501.99  2.21607e-16
      3503.05  4.93217e-16
      3504.10  6.74901e-16
      3505.17 -6.76939e-16
      3506.23 -1.04745e-16
      3507.29  3.15137e-16
      3508.35 -4.90269e-16
      3509.41  4.67029e-16
      3510.47 -3.01029e-16
      3511.53 -4.93519e-16
      3512.59 -1.09985e-16
      3513.65  2.97154e-16
      3514.71  1.85066e-16
      3515.77 -1.89312e-16
      3516.83  1.78500e-16
      3517.89  2.28886e-16
      3518.95  2.35953e-16
      3520.01  1.55174e-16
      3521.07  8.01574e-17
      3522.13  4.75749e-16
      3523.19 -5.66362e-17
      3524.25  2.47668e-16
      3525.32 -4.06829e-17
      3526.38 -1.11768e-16
      3527.44  6.28614e-17
      3528.50  2.94304e-16
      3529.56  5.81196e-16
      3530.62  1.82125e-16
      3531.68  1.89736e-16
      3532.74  3.15498e-16
      3533.81 -1.32333e-16
      3534.87 -3.10890e-16
      3535.93  1.85511e-16
      3536.99 -4.82226e-16
      3538.05  2.84379e-16
      3539.11 -2.18788e-16
      3540.18 -3.54803e-16
      3541.24 -1.75833e-16
      3542.30  1.50545e-16
      3543.36  3.96706e-16
      3544.42  1.24286e-16
      3545.49 -1.69108e-16
      3546.55 -4.95517e-16
      3547.61  1.19869e-16
      3548.67  5.09213e-16
      3549.73  3.38319e-16
      3550.80  8.72757e-17
      3551.86  1.23438e-16
      3552.92  6.34531e-16
      3553.98 -7.58281e-16
      3555.05  6.22229e-16
      3556.11 -1.44603e-16
      3557.17  9.33956e-17
      3558.23 -1.35948e-16
      3559.30 -1.64949e-16
      3560.36 -1.56707e-16
      3561.42  2.41881e-16
      3562.48 -5.42305e-16
      3563.55 -1.99306e-16
      3564.61  2.88041e-16
      3565.67  1.44506e-17
      3566.74 -4.21240e-16
      3567.80 -7.17285e-17
      3568.86 -3.69305e-16
      3569.92  1.23185e-16
      3570.99  3.98553e-16
      3572.05  1.84348e-16
      3573.11 -7.46027e-16
      3574.18  2.48377e-16
      3575.24 -2.14616e-16
      3576.30  4.47487e-16
      3577.37 -1.50757e-16
      3578.43  1.68353e-16
      3579.49  6.88521e-17
      3580.56  3.77665e-16
      3581.62  5.00542e-17
      3582.69 -2.67915e-16
      3583.75  1.96610e-16
      3584.81  1.50673e-16
      3585.88  9.52918e-18
      3586.94  2.71691e-16
      3588.00  2.12007e-16
      3589.07  8.92243e-18
      3590.13  4.68435e-17
      3591.20  4.01080e-16
      3592.26 -6.48125e-17
      3593.33 -7.64349e-17
      3594.39  8.62413e-17
      3595.45  4.61389e-16
      3596.52 -2.97296e-16
      3597.58 -7.72688e-17
      3598.65 -5.06231e-17
      3599.71  2.55783e-16
      3600.78 -2.99658e-16
      3601.84  9.87080e-17
      3602.91 -1.63935e-16
      3603.97  6.80060e-17
      3605.03 -4.10624e-17
      3606.10 -1.06881e-16
      3607.16  3.42004e-16
      3608.23  3.22135e-16
      3609.29 -5.50785e-17
      3610.36  2.11276e-17
      3611.42  1.33982e-16
      3612.49 -7.68150e-17
      3613.55 -4.67542e-16
      3614.62  3.78951e-16
      3615.68  1.14202e-16
      3616.75 -8.69766e-17
      3617.81 -2.02280e-16
      3618.88 -2.98799e-17
      3619.95  6.50354e-18
      3621.01  5.34448e-16
      3622.08  1.45605e-16
      3623.14 -1.35626e-16
      3624.21 -1.63951e-16
      3625.27  2.16681e-16
      3626.34  1.41389e-17
      3627.40  1.77525e-16
      3628.47  4.29290e-16
      3629.54  7.45352e-16
      3630.60 -9.99491e-17
      3631.67  2.05603e-16
      3632.73  5.91386e-17
      3633.80 -3.68807e-16
      3634.87  5.24498e-18
      3635.93  3.32923e-16
      3637.00  3.33608e-16
      3638.06 -7.00247e-17
      3639.13 -1.65706e-17
      3640.20  4.77828e-16
      3641.26  1.31567e-16
      3642.33  3.08222e-16
      3643.40 -6.67953e-18
      3644.46  1.22052e-16
      3645.53  4.70184e-16
      3646.59 -2.60266e-18
      3647.66 -2.02371e-16
      3648.73  2.55145e-16
      3649.79  1.89590e-16
      3650.86  2.85373e-16
      3651.93 -3.37146e-16
      3652.99 -3.11964e-17
      3654.06  3.79201e-16
      3655.13  3.80217e-16
      3656.20  3.22526e-16
      3657.26  1.24168e-16
      3658.33  5.48473e-16
      3659.40 -4.76105e-17
      3660.46  1.00230e-16
      3661.53 -2.64671e-16
      3662.60 -4.64303e-16
      3663.67 -7.53031e-17
      3664.73  1.40524e-16
      3665.80  1.97409e-17
      3666.87 -4.60953e-16
      3667.93  2.70588e-16
      3669.00  1.98978e-16
      3670.07 -3.40374e-17
      3671.14  3.99489e-16
      3672.21 -3.24933e-16
      3673.27 -9.87653e-17
      3674.34  9.67720e-17
      3675.41 -1.17569e-16
      3676.48 -6.33185e-17
      3677.54  1.77882e-17
      3678.61  2.07848e-16
      3679.68  2.16015e-16
      3680.75  1.21264e-16
      3681.82 -1.43924e-16
      3682.88  1.67318e-16
      3683.95  1.29369e-16
      3685.02 -1.76988e-16
      3686.09  1.30375e-16
      3687.16  1.10227e-16
      3688.22  8.96222e-17
      3689.29 -6.07825e-17
      3690.36 -2.98901e-16
      3691.43  2.06510e-16
      3692.50  2.23022e-16
      3693.57  3.13085e-17
      3694.64 -2.38637e-19
      3695.70  2.63641e-16
      3696.77 -1.01973e-16
      3697.84  1.32845e-16
      3698.91 -1.78064e-16
      3699.98 -1.05602e-16
      3701.05 -3.84282e-16
      3702.12 -9.45131e-17
      3703.18  5.64497e-17
      3704.25 -3.22754e-16
      3705.32  2.62101e-17
      3706.39  2.05314e-16
      3707.46  2.92613e-18
      3708.53  5.03567e-16
      3709.60  2.05203e-16
      3710.67 -3.26368e-17
      3711.74  3.58354e-16
      3712.81 -1.91881e-16
      3713.88 -2.59287e-16
      3714.95  7.03202e-16
      3716.02 -7.95162e-17
      3717.08 -2.02495e-16
      3718.15  1.46423e-16
      3719.22  1.98552e-16
      3720.29  2.12218e-16
      3721.36  1.93226e-16
      3722.43 -2.96150e-17
      3723.50 -1.03167e-16
      3724.57  2.30929e-16
      3725.64  3.03690e-16
      3726.71 -1.38263e-17
      3727.78  3.56603e-16
      3728.85 -2.08103e-16
      3729.92  7.18023e-17
      3730.99  1.47945e-17
      3732.06  4.98209e-16
      3733.13  1.65044e-16
      3734.20  1.41205e-17
      3735.27  2.15342e-16
      3736.34 -8.57900e-18
      3737.41  3.48201e-16
      3738.48  8.31188e-18
      3739.55  3.90025e-16
      3740.62 -1.05018e-16
      3741.69 -7.44166e-17
      3742.76  2.07329e-17
      3743.83  5.49905e-17
      3744.91  1.05131e-16
      3745.98 -2.04585e-16
      3747.05  2.45076e-16
      3748.12 -3.17004e-16
      3749.19 -1.58765e-16
      3750.26  2.49037e-16
      3751.33  3.83333e-16
      3752.40  4.22079e-16
      3753.47 -1.93766e-16
      3754.54 -4.14177e-18
      3755.61  1.98519e-16
      3756.68  1.87606e-16
      3757.75  3.10645e-17
      3758.83  4.82984e-17
      3759.90  2.30840e-16
      3760.97  5.99701e-17
      3762.04 -8.95650e-17
      3763.11  3.04872e-16
      3764.18 -6.42556e-17
      3765.25  1.18856e-16
      3766.32  5.59761e-17
      3767.40  1.71516e-17
      3768.47  1.43750e-16
      3769.54  8.88096e-17
      3770.61  4.73667e-16
      3771.68 -1.77785e-16
      3772.75  2.50564e-16
      3773.83 -1.58545e-16
      3774.90 -4.84071e-17
      3775.97  6.17832e-17
      3777.04 -4.33292e-17
      3778.11  2.56384e-17
      3779.18  1.18719e-16
      3780.26  5.10967e-17
      3781.33 -4.28091e-17
      3782.40  8.68392e-17
      3783.47 -3.35061e-16
      3784.54 -4.00188e-17
      3785.62 -1.49610e-16
      3786.69 -6.75990e-17
      3787.76  6.41494e-17
      3788.83  2.17353e-16
      3789.91  4.60450e-18
      3790.98  3.49588e-16
      3792.05 -3.34458e-16
      3793.12  1.47843e-16
      3794.19  2.31462e-16
      3795.27  1.44709e-16
      3796.34 -2.32854e-16
      3797.41  1.64947e-16
      3798.48  1.17017e-16
      3799.56  3.81008e-16
      3800.63  2.50636e-16
      3801.70 -2.57438e-16
      3802.77  1.71420e-16
      3803.85 -4.03881e-17
      3804.92 -2.19224e-16
      3805.99 -5.15896e-17
      3807.07  2.57464e-16
      3808.14  1.19585e-16
      3809.21  4.15410e-16
      3810.28  2.82520e-16
      3811.36  1.28030e-17
      3812.43  2.44513e-16
      3813.50 -2.39871e-17
      3814.58  3.17806e-16
      3815.65  2.16171e-16
      3816.72  8.12242e-17
      3817.80  3.75711e-16
      3818.87 -3.20171e-17
      3819.94 -3.26049e-17
      3821.02 -2.02075e-16
      3822.09  4.03006e-16
      3823.16  1.38495e-16
      3824.24 -1.36841e-16
      3825.31  3.17091e-16
      3826.38  6.70326e-17
      3827.46 -7.80418e-17
      3828.53  1.06700e-16
      3829.61  1.84318e-17
      3830.68  1.30719e-16
      3831.75  3.19437e-16
      3832.83  1.71110e-16
      3833.90 -3.27473e-16
      3834.97  1.22944e-16
      3836.05  1.71719e-16
      3837.12 -9.20517e-17
      3838.20  2.67829e-16
      3839.27  1.35787e-16
      3840.34  2.83620e-16
      3841.42  1.92009e-16
      3842.49  1.29179e-16
      3843.57  3.18646e-16
      3844.64  7.12255e-17
      3845.72  1.37006e-16
      3846.79 -8.21524e-18
      3847.86  3.07860e-16
      3848.94  1.45348e-16
      3850.01  2.30680e-16
      3851.09  1.50742e-16
      3852.16 -3.81910e-17
      3853.24  1.74243e-17
      3854.31  2.27898e-16
      3855.39  5.58263e-17
      3856.46  4.13348e-18
      3857.53  1.39087e-16
      3858.61 -1.44799e-16
      3859.68  3.44311e-16
      3860.76 -5.35125e-17
      3861.83  3.34637e-16
      3862.91  2.39815e-17
      3863.98 -7.01561e-17
      3865.06 -1.54959e-16
      3866.13  1.20285e-16
      3867.21 -3.11439e-17
      3868.28  1.68449e-16
      3869.36 -9.89855e-17
      3870.43  1.62732e-16
      3871.51  3.02490e-17
      3872.58 -2.92272e-17
      3873.66 -1.69121e-16
      3874.73  9.94312e-17
      3875.81 -2.38282e-17
      3876.88  1.21555e-16
      3877.96  9.27776e-17
      3879.04  3.61023e-16
      3880.11 -8.16779e-17
      3881.19 -1.92917e-16
      3882.26 -7.62242e-17
      3883.34  1.91232e-16
      3884.41  4.38463e-16
      3885.49  7.83259e-17
      3886.56  1.64281e-16
      3887.64 -7.40857e-17
      3888.72 -1.01803e-16
      3889.79  1.26487e-16
      3890.87  1.94836e-16
      3891.94  3.90165e-16
      3893.02 -8.61532e-17
      3894.09  3.63744e-16
      3895.17  2.73129e-16
      3896.25 -4.50473e-18
      3897.32 -2.58535e-16
      3898.40  3.89813e-16
      3899.47  1.12641e-16
      3900.55  3.68820e-17
      3901.63 -8.70851e-17
      3902.70 -9.74897e-17
      3903.78 -1.09443e-16
      3904.86 -2.01192e-16
      3905.93  2.85132e-16
      3907.01  4.68530e-16
      3908.08  8.45832e-17
      3909.16  1.61262e-16
      3910.24  2.32303e-17
      3911.31  4.16905e-16
      3912.39  5.34783e-17
      3913.47 -2.33452e-16
      3914.54 -7.24463e-17
      3915.62  1.36308e-17
      3916.70  1.80131e-16
      3917.77  7.49933e-17
      3918.85  1.26548e-16
      3919.93 -9.24687e-18
      3921.00  1.91677e-16
      3922.08  4.31068e-17
      3923.16 -1.64899e-16
      3924.23  7.38489e-17
      3925.31 -1.11183e-16
      3926.39  8.00109e-17
      3927.46  1.34283e-16
      3928.54  1.41314e-16
      3929.62  2.52791e-16
      3930.70 -2.94600e-17
      3931.77  1.21586e-16
      3932.85  2.88936e-16
      3933.93  4.82504e-16
      3935.00  5.76253e-17
      3936.08  1.68754e-17
      3937.16  1.69128e-17
      3938.24  1.59745e-16
      3939.31  2.05811e-16
      3940.39  1.45335e-16
      3941.47  9.81066e-17
      3942.55  4.15592e-17
      3943.62  1.12187e-16
      3944.70 -9.30696e-18
      3945.78 -1.08710e-17
      3946.86  7.14545e-17
      3947.93  4.62543e-17
      3949.01  1.82741e-16
      3950.09  9.83072e-17
      3951.17  1.35165e-16
      3952.24  1.01653e-16
      3953.32  9.42482e-17
      3954.40 -1.00324e-17
      3955.48  1.39082e-16
      3956.56  4.28897e-16
      3957.63 -1.30463e-16
      3958.71 -6.66817e-17
      3959.79  1.84185e-16
      3960.87 -5.51358e-18
      3961.94  9.42621e-17
      3963.02 -2.75339e-17
      3964.10  2.34044e-16
      3965.18  2.09079e-16
      3966.26  1.14263e-16
      3967.34  2.84736e-16
      3968.41  2.36138e-16
      3969.49  3.71861e-16
      3970.57  2.36604e-16
      3971.65  2.08256e-16
      3972.73 -5.56475e-17
      3973.81  5.04856e-16
      3974.88  2.44035e-16
      3975.96 -3.28336e-16
      3977.04 -2.50118e-16
      3978.12  2.78734e-16
      3979.20  1.05231e-16
      3980.28 -1.64225e-17
      3981.35 -1.12301e-16
      3982.43  2.04059e-16
      3983.51  6.68759e-17
      3984.59  2.32929e-16
      3985.67  1.88141e-16
      3986.75  1.82523e-16
      3987.83 -1.59669e-17
      3988.91 -3.27645e-17
      3989.98  3.03307e-16
      3991.06  8.26045e-17
      3992.14  1.20866e-16
      3993.22  6.57293e-17
      3994.30  1.65917e-16
      3995.38  1.77922e-16
      3996.46  1.47701e-16
      3997.54  1.34824e-16
      3998.62  9.47559e-17
      3999.70  4.57705e-16
      4000.77  2.03111e-16
      4001.85  3.56036e-17
      4002.93  2.87349e-16
      4004.01  2.71568e-16
      4005.09 -3.66475e-17
      4006.17  6.22460e-16
      4007.25  4.34335e-16
      4008.33 -1.23336e-16
      4009.41  1.20452e-16
      4010.49  1.47029e-16
      4011.57  5.82723e-17
      4012.65 -3.25371e-17
      4013.73  6.89130e-17
      4014.81  1.86642e-16
      4015.89  2.89716e-16
      4016.97  5.62307e-16
      4018.05 -3.65331e-17
      4019.13  1.23211e-16
      4020.20  4.57509e-16
      4021.28  1.01907e-16
      4022.36  3.73707e-16
      4023.44  2.67927e-16
      4024.52  1.54313e-16
      4025.60  1.74474e-16
      4026.68  1.46604e-16
      4027.76  1.61445e-16
      4028.84  4.72247e-16
      4029.92  2.68522e-16
      4031.00  1.62004e-16
      4032.08  1.00056e-16
      4033.16  3.41219e-16
      4034.24  8.25081e-17
      4035.32 -2.02620e-16
      4036.40  2.49984e-16
      4037.48  6.90168e-17
      4038.56  3.30998e-16
      4039.64  2.46578e-17
      4040.72  1.64851e-16
      4041.80  5.25570e-17
      4042.89  2.32833e-16
      4043.97  1.73151e-16
      4045.05  5.39970e-17
      4046.13  2.97860e-16
      4047.21  5.54625e-16
      4048.29  1.50462e-16
      4049.37  6.12321e-17
      4050.45  2.26000e-16
      4051.53  6.08242e-16
      4052.61  2.04071e-16
      4053.69  9.69952e-17
      4054.77  1.83285e-16
      4055.85  1.47875e-16
      4056.93  4.28092e-16
      4058.01  3.83530e-16
      4059.09  1.34552e-16
      4060.17  4.76029e-17
      4061.26  9.98028e-17
      4062.34 -6.19908e-18
      4063.42  4.53575e-16
      4064.50  3.57203e-16
      4065.58  3.12181e-16
      4066.66 -1.33065e-16
      4067.74  1.15253e-16
      4068.82  1.53653e-16
      4069.90  3.45096e-16
      4070.98  2.87006e-16
      4072.06  6.03055e-17
      4073.15  3.48420e-16
      4074.23  2.66252e-16
      4075.31  8.00024e-18
      4076.39  2.44904e-16
      4077.47  3.07360e-16
      4078.55 -1.86326e-16
      4079.63  2.64341e-16
      4080.71  3.05160e-16
      4081.80  1.66162e-16
      4082.88  3.13409e-16
      4083.96  5.10027e-16
      4085.04  7.07753e-16
      4086.12  6.08273e-16
      4087.20 -2.20206e-16
      4088.28  4.09449e-16
      4089.37  1.76781e-16
      4090.45  2.51176e-16
      4091.53  1.40910e-16
      4092.61  8.78032e-17
      4093.69  5.55380e-16
      4094.77  2.04081e-16
      4095.86  3.72349e-16
      4096.94  5.34272e-16
      4098.02  2.17804e-16
      4099.10  3.38328e-16
      4100.18  3.15758e-16
      4101.26  4.70236e-16
      4102.35  1.96942e-16
      4103.43  4.55346e-16
      4104.51  3.22728e-16
      4105.59  9.05792e-17
      4106.67  3.16811e-16
      4107.76  3.50971e-16
      4108.84  9.86856e-17
      4109.92  3.52386e-16
      4111.00  3.71363e-16
      4112.08  2.10032e-16
      4113.17  1.69524e-16
      4114.25 -9.57383e-17
      4115.33  3.44862e-16
      4116.41  3.22566e-16
      4117.50  1.32804e-16
      4118.58  2.98696e-16
      4119.66  1.99350e-16
      4120.74  2.64477e-16
      4121.82  2.94142e-17
      4122.91  3.94524e-17
      4123.99  6.99274e-16
      4125.07  1.84496e-16
      4126.15  2.79260e-16
      4127.24  3.07817e-16
      4128.32  3.13301e-16
      4129.40 -2.95596e-16
      4130.48  7.72326e-17
      4131.57  5.41875e-16
      4132.65  3.73348e-16
      4133.73  3.29629e-16
      4134.81 -7.60966e-17
      4135.90  4.35089e-16
      4136.98  9.10148e-17
      4138.06  5.08312e-16
      4139.15  2.00519e-16
      4140.23  3.46053e-16
      4141.31  3.49489e-16
      4142.39 -7.61902e-17
      4143.48  2.42378e-16
      4144.56  4.39543e-16
      4145.64  2.12330e-16
      4146.73  3.18546e-16
      4147.81  4.72854e-16
      4148.89  5.72615e-16
      4149.97  1.66486e-16
      4151.06  4.36149e-16
      4152.14  5.31595e-16
      4153.22  1.96757e-16
      4154.31  1.84832e-16
      4155.39  2.72219e-16
      4156.47  2.93493e-16
      4157.56  1.45932e-16
      4158.64  1.57712e-16
      4159.72  4.15938e-16
      4160.81  4.60908e-16
      4161.89  4.45335e-16
      4162.97  1.62830e-16
      4164.06 -1.07885e-18
      4165.14  1.50716e-16
      4166.22  4.14715e-17
      4167.31  2.48655e-16
      4168.39  3.44856e-16
      4169.47  3.79907e-16
      4170.56  3.76800e-16
      4171.64  1.25146e-16
      4172.72  1.66879e-16
      4173.81  4.28493e-16
      4174.89  2.67552e-16
      4175.97  6.22416e-16
      4177.06  2.92610e-16
      4178.14  1.91842e-16
      4179.22  6.74233e-16
      4180.31  2.38422e-16
      4181.39  2.42360e-16
      4182.48  3.62032e-16
      4183.56  4.89230e-16
      4184.64  3.48685e-16
      4185.73  3.21555e-16
      4186.81 -2.78477e-18
      4187.89 -1.21458e-16
      4188.98  1.07423e-16
      4190.06  2.78948e-16
      4191.15  4.34582e-16
      4192.23 -4.24095e-17
      4193.31  2.23029e-16
      4194.40  4.23621e-16
      4195.48  4.37436e-17
      4196.56  1.91086e-16
      4197.65  5.07440e-16
      4198.73  2.37652e-16
      4199.82  2.88035e-16
      4200.90  4.67143e-16
      4201.99  3.75099e-16
      4203.07  2.02706e-16
      4204.15  3.26072e-16
      4205.24 -8.11778e-17
      4206.32  1.79446e-16
      4207.41  5.47014e-19
      4208.49  5.99547e-16
      4209.58  3.65751e-16
      4210.66  3.49796e-16
      4211.74  1.01315e-16
      4212.83  2.27976e-16
      4213.91  8.51456e-17
      4215.00  4.20291e-16
      4216.08 -2.10214e-16
      4217.17  4.38229e-16
      4218.25  6.05287e-16
      4219.33  2.69403e-17
      4220.42  1.00458e-16
      4221.50  1.83921e-16
      4222.59  3.13452e-16
      4223.67  1.36474e-17
      4224.76 -1.76096e-16
      4225.84  1.10107e-16
      4226.93  1.07707e-17
      4228.01  5.80073e-17
      4229.10  1.71128e-16
      4230.18  2.23668e-16
      4231.26  1.48070e-16
      4232.35  2.10164e-16
      4233.43  8.21130e-17
      4234.52  4.62984e-16
      4235.60  1.10552e-16
      4236.69  1.15885e-16
      4237.77  2.20267e-16
      4238.86  3.06193e-16
      4239.94  2.53846e-16
      4241.03  2.09305e-16
      4242.11  2.66751e-16
      4243.20  4.24398e-16
      4244.28  3.41634e-16
      4245.37  6.04353e-16
      4246.45  1.30822e-16
      4247.54  1.93593e-16
      4248.62  2.90424e-17
      4249.71  1.08968e-16
      4250.79  4.29350e-17
      4251.88  2.54693e-16
      4252.96  3.37928e-17
      4254.05  2.85676e-16
      4255.13  3.94678e-16
      4256.22  1.37263e-16
      4257.30  3.02087e-16
      4258.39  1.14739e-16
      4259.47  2.68629e-16
      4260.56  3.29887e-16
      4261.65  4.38209e-17
      4262.73  3.55212e-16
      4263.82  3.80110e-16
      4264.90  2.63459e-16
      4265.99  5.24199e-16
      4267.07  4.65735e-16
      4268.16  8.79191e-17
      4269.24  1.24526e-16
      4270.33  4.45435e-16
      4271.41  2.47054e-16
      4272.50  1.10143e-16
      4273.58  3.31885e-16
      4274.67  1.27310e-16
      4275.75  2.76309e-16
      4276.84  2.63791e-16
      4277.93  3.53590e-16
      4279.01  4.25260e-16
      4280.10  2.75246e-16
      4281.18  4.17280e-16
      4282.27  3.54224e-16
      4283.35  5.28572e-16
      4284.44  1.58767e-16
      4285.53  3.33813e-16
      4286.61  2.84844e-16
      4287.70  2.41660e-16
      4288.78  1.32778e-16
      4289.87  3.15870e-16
      4290.95  2.39988e-16
      4292.04  2.69649e-16
      4293.13  2.93107e-16
      4294.21  4.26007e-16
      4295.30  4.22210e-16
      4296.38  4.28666e-16
      4297.47  1.89613e-16
      4298.56  3.62112e-16
      4299.64  2.75243e-16
      4300.73  3.02048e-16
      4301.81  3.62255e-16
      4302.90 -8.34586e-17
      4303.99  4.03113e-16
      4305.07  4.18292e-16
      4306.16  3.66204e-16
      4307.24  8.07163e-17
      4308.33  9.29848e-17
      4309.42  3.31895e-16
      4310.50  1.92673e-16
      4311.59  6.22567e-16
      4312.67  4.38013e-16
      4313.76  5.09277e-16
      4314.85  1.79916e-16
      4315.93  2.50551e-16
      4317.02  1.25303e-16
      4318.10  4.45966e-16
      4319.19  4.58208e-16
      4320.28  4.75401e-16
      4321.36  3.35430e-16
      4322.45  5.05059e-16
      4323.54  3.50884e-16
      4324.62  1.15017e-16
      4325.71  1.94100e-16
      4326.80  2.51692e-16
      4327.88  3.32485e-16
      4328.97  5.47292e-16
      4330.06  4.65161e-16
      4331.14  3.60151e-16
      4332.23  3.05470e-16
      4333.31  6.24437e-16
      4334.40  6.70557e-16
      4335.49  3.47610e-16
      4336.57  7.01731e-16
      4337.66  3.87372e-16
      4338.75  3.45837e-16
      4339.83  4.25447e-16
      4340.92  6.62802e-16
      4342.01  5.44665e-16
      4343.09  5.68969e-16
      4344.18  3.72057e-16
      4345.27  2.84158e-16
      4346.35  3.69126e-16
      4347.44  7.79672e-17
      4348.53  7.55295e-16
      4349.61  3.19845e-16
      4350.70  1.87142e-16
      4351.79  2.66393e-16
      4352.87  2.71154e-16
      4353.96  3.90197e-16
      4355.05  5.25269e-16
      4356.13  3.44879e-16
      4357.22  6.48587e-16
      4358.31  7.06744e-16
      4359.40  4.46775e-16
      4360.48  6.10961e-16
      4361.57  5.27718e-16
      4362.66  5.17339e-16
      4363.74  3.81922e-16
      4364.83  3.85178e-16
      4365.92  5.97642e-16
      4367.00  6.19428e-16
      4368.09  5.90753e-16
      4369.18  4.86132e-16
      4370.27  6.97328e-16
      4371.35  6.30588e-16
      4372.44  2.89195e-16
      4373.53  4.46700e-16
      4374.61  4.11649e-16
      4375.70  1.59908e-16
      4376.79  6.39236e-16
      4377.88  2.15919e-16
      4378.96  6.96686e-16
      4380.05  3.73909e-16
      4381.14  4.46006e-16
      4382.22  5.77968e-16
      4383.31  3.58671e-16
      4384.40  2.34166e-16
      4385.49  4.97362e-16
      4386.57  4.32436e-16
      4387.66  4.73471e-16
      4388.75  5.21968e-16
      4389.83  3.72441e-16
      4390.92  5.46315e-16
      4392.01  3.87143e-16
      4393.10  6.79806e-16
      4394.18  3.43544e-16
      4395.27  4.93082e-16
      4396.36  5.58319e-16
      4397.45  7.03962e-16
      4398.53  4.75217e-16
      4399.62  2.05566e-16
      4400.71  5.21148e-16
      4401.80  5.26763e-16
      4402.88  4.25641e-16
      4403.97  3.49723e-16
      4405.06  3.66497e-16
      4406.15  2.90284e-16
      4407.23  3.51031e-16
      4408.32  5.05411e-16
      4409.41  3.23737e-16
      4410.50  3.79526e-16
      4411.58  7.84712e-16
      4412.67  6.83118e-16
      4413.76  4.68510e-16
      4414.85  3.68128e-16
      4415.94  7.33598e-16
      4417.02  6.91777e-16
      4418.11  1.44889e-15
      4419.20  8.53228e-16
      4420.29  5.89603e-16
      4421.37  6.00955e-16
      4422.46  6.00559e-16
      4423.55  6.74552e-16
      4424.64  7.11977e-16
      4425.72  2.86669e-16
      4426.81  2.73476e-16
      4427.90  7.27113e-16
      4428.99  5.12306e-16
      4430.08  3.59113e-16
      4431.16  3.65050e-16
      4432.25  5.03424e-16
      4433.34  8.52387e-16
      4434.43  5.13144e-16
      4435.51  3.34768e-16
      4436.60  5.13303e-16
      4437.69  5.68418e-16
      4438.78  5.40987e-16
      4439.87  8.56652e-16
      4440.95  7.59386e-16
      4442.04  6.94301e-16
      4443.13  5.40610e-16
      4444.22  7.77551e-16
      4445.31  9.81376e-16
      4446.39  5.92969e-16
      4447.48  6.77926e-16
      4448.57  5.50729e-16
      4449.66  6.13425e-16
      4450.75  4.02579e-16
      4451.83  5.54539e-16
      4452.92  4.30009e-16
      4454.01  1.68833e-16
      4455.10  1.47278e-16
      4456.19  5.20512e-16
      4457.27  2.97912e-16
      4458.36  4.17384e-16
      4459.45  4.63712e-16
      4460.54  5.98299e-16
      4461.63  3.81100e-16
      4462.72  5.26785e-16
      4463.80  7.33305e-16
      4464.89  7.62753e-16
      4465.98  4.00050e-16
      4467.07  6.11383e-16
      4468.16  7.00686e-16
      4469.25  5.75262e-16
      4470.33  7.38192e-16
      4471.42  9.54534e-16
      4472.51  7.76203e-16
      4473.60  7.61654e-16
      4474.69  6.38103e-16
      4475.78  8.65477e-16
      4476.86  7.22007e-16
      4477.95  7.06259e-16
      4479.04  5.76658e-16
      4480.13  7.99545e-16
      4481.22  5.01508e-16
      4482.31  6.38586e-16
      4483.39  2.38605e-16
      4484.48  6.19555e-16
      4485.57  8.44413e-16
      4486.66  6.36724e-16
      4487.75  7.40273e-16
      4488.84  7.47316e-16
      4489.92  5.03493e-16
      4491.01  7.55899e-16
      4492.10  8.92813e-16
      4493.19  6.35771e-16
      4494.28  9.14874e-16
      4495.37  6.19350e-16
      4496.46  1.08395e-15
      4497.54  7.92059e-16
      4498.63  6.52809e-16
      4499.72  7.08807e-16
      4500.81  7.51868e-16
      4501.90  7.87710e-16
      4502.99  6.88412e-16
      4504.07  6.99444e-16
      4505.16  1.14050e-15
      4506.25  7.98628e-16
      4507.34  5.68810e-16
      4508.43  9.29489e-16
      4509.52  8.34303e-16
      4510.61  8.13750e-16
      4511.70  5.49650e-16
      4512.78  6.91992e-16
      4513.87  8.29377e-16
      4514.96  5.44447e-16
      4516.05  6.03906e-16
      4517.14  8.79749e-16
      4518.23  7.87052e-16
      4519.32  9.99369e-16
      4520.41  8.65964e-16
      4521.49  7.06160e-16
      4522.58  1.03274e-15
      4523.67  7.32045e-16
      4524.76  6.36022e-16
      4525.85  2.60900e-16
      4526.94  6.94922e-16
      4528.03  5.11123e-16
      4529.12  3.84441e-16
      4530.20  5.76982e-16
      4531.29  7.21152e-16
      4532.38  6.93061e-16
      4533.47  9.45173e-16
      4534.56  7.22653e-16
      4535.65  5.67612e-16
      4536.74  5.89181e-16
      4537.83  9.02553e-16
      4538.92  8.84643e-16
      4540.00  6.99240e-16
      4541.09  1.08702e-15
      4542.18  6.95229e-16
      4543.27  9.06559e-16
      4544.36  8.22130e-16
      4545.45  7.02840e-16
      4546.54  7.68780e-16
      4547.63  9.38405e-16
      4548.72  1.13329e-15
      4549.80  6.23284e-16
      4550.89  8.91393e-16
      4551.98  6.38244e-16
      4553.07  6.36182e-16
      4554.16  7.10286e-16
      4555.25  6.58234e-16
      4556.34  8.84846e-16
      4557.43  8.84575e-16
      4558.52  1.07896e-15
      4559.61  1.33687e-15
      4560.69  6.20770e-16
      4561.78  1.17407e-15
      4562.87  8.48997e-16
      4563.96  8.11402e-16
      4565.05  1.00338e-15
      4566.14  9.62406e-16
      4567.23  1.04111e-15
      4568.32  9.74583e-16
      4569.41  1.06893e-15
      4570.50  8.13286e-16
      4571.59  9.77972e-16
      4572.67  1.11180e-15
      4573.76  8.09985e-16
      4574.85  8.86072e-16
      4575.94  8.14091e-16
      4577.03  9.05943e-16
      4578.12  8.41553e-16
      4579.21  8.37676e-16
      4580.30  5.37609e-16
      4581.39  8.92648e-16
      4582.48  8.29417e-16
      4583.57  8.86098e-16
      4584.66  8.56141e-16
      4585.75  1.02401e-15
      4586.83  9.36355e-16
      4587.92  1.09668e-15
      4589.01  1.01310e-15
      4590.10  9.53559e-16
      4591.19  6.82188e-16
      4592.28  1.01635e-15
      4593.37  8.99190e-16
      4594.46  1.07114e-15
      4595.55  8.28939e-16
      4596.64  8.01463e-16
      4597.73  1.06375e-15
      4598.82  9.77834e-16
      4599.91  8.07015e-16
      4600.99  1.03805e-15
      4602.08  7.63433e-16
      4603.17  8.30478e-16
      4604.26  9.22248e-16
      4605.35  8.27451e-16
      4606.44  1.14696e-15
      4607.53  9.92949e-16
      4608.62  8.44315e-16
      4609.71  1.11274e-15
      4610.80  1.02505e-15
      4611.89  1.06171e-15
      4612.98  1.14454e-15
      4614.07  1.20311e-15
      4615.16  6.59260e-16
      4616.25  1.12743e-15
      4617.33  1.19457e-15
      4618.42  1.20872e-15
      4619.51  1.33830e-15
      4620.60  1.33695e-15
      4621.69  8.98598e-16
      4622.78  1.33939e-15
      4623.87  1.15392e-15
      4624.96  9.34156e-16
      4626.05  1.13371e-15
      4627.14  1.08179e-15
      4628.23  1.24393e-15
      4629.32  1.03542e-15
      4630.41  1.01978e-15
      4631.50  8.49188e-16
      4632.59  1.11987e-15
      4633.68  1.17399e-15
      4634.77  1.17081e-15
      4635.85  9.52064e-16
      4636.94  1.12708e-15
      4638.03  1.00560e-15
      4639.12  1.13797e-15
      4640.21  6.33735e-16
      4641.30  1.23782e-15
      4642.39  1.18973e-15
      4643.48  1.12789e-15
      4644.57  1.04679e-15
      4645.66  9.26158e-16
      4646.75  8.73223e-16
      4647.84  9.87398e-16
      4648.93  1.08889e-15
      4650.02  1.04603e-15
      4651.11  7.87489e-16
      4652.20  7.51649e-16
      4653.29  8.30374e-16
      4654.38  9.35342e-16
      4655.47  1.08189e-15
      4656.56  9.55053e-16
      4657.65  1.26876e-15
      4658.73  9.04419e-16
      4659.82  1.27830e-15
      4660.91  1.26254e-15
      4662.00  1.13320e-15
      4663.09  9.89575e-16
      4664.18  1.02865e-15
      4665.27  9.91154e-16
      4666.36  9.16681e-16
      4667.45  7.73967e-16
      4668.54  6.97429e-16
      4669.63  8.00580e-16
      4670.72  1.02893e-15
      4671.81  8.17954e-16
      4672.90  8.70601e-16
      4673.99  1.04653e-15
      4675.08  1.00617e-15
      4676.17  1.11681e-15
      4677.26  8.90133e-16
      4678.35  1.04372e-15
      4679.44  1.12235e-15
      4680.53  1.06400e-15
      4681.62  1.26395e-15
      4682.71  7.71981e-16
      4683.79  7.22415e-16
      4684.88  9.94165e-16
      4685.97  8.91060e-16
      4687.06  1.18943e-15
      4688.15  1.16711e-15
      4689.24  1.00630e-15
      4690.33  1.01060e-15
      4691.42  1.04001e-15
      4692.51  1.41830e-15
      4693.60  1.21130e-15
      4694.69  1.21286e-15
      4695.78  1.29475e-15
      4696.87  1.09180e-15
      4697.96  7.76101e-16
      4699.05  9.34484e-16
      4700.14  1.01389e-15
      4701.23  8.93275e-16
      4702.32  1.04149e-15
      4703.41  1.23172e-15
      4704.50  9.98033e-16
      4705.59  1.21107e-15
      4706.68  6.53910e-16
      4707.77  8.19597e-16
      4708.86  1.41008e-15
      4709.95  1.18190e-15
      4711.04  1.10493e-15
      4712.13  1.23554e-15
      4713.22  1.11605e-15
      4714.30  1.17278e-15
      4715.39  9.37960e-16
      4716.48  1.18529e-15
      4717.57  1.11320e-15
      4718.66  1.12772e-15
      4719.75  1.35030e-15
      4720.84  1.17822e-15
      4721.93  1.16127e-15
      4723.02  8.59547e-16
      4724.11  9.37767e-16
      4725.20  1.12787e-15
      4726.29  8.87348e-16
      4727.38  1.11660e-15
      4728.47  9.46122e-16
      4729.56  1.15515e-15
      4730.65  1.12100e-15
      4731.74  7.71022e-16
      4732.83  9.92965e-16
      4733.92  1.03627e-15
      4735.01  1.03980e-15
      4736.10  8.59522e-16
      4737.19  9.64143e-16
      4738.28  8.96366e-16
      4739.37  1.28754e-15
      4740.46  9.26084e-16
      4741.55  1.14141e-15
      4742.64  9.74426e-16
      4743.73  1.05236e-15
      4744.82  1.11325e-15
      4745.90  1.00360e-15
      4746.99  1.29733e-15
      4748.08  1.24637e-15
      4749.17  1.01460e-15
      4750.26  9.54469e-16
      4751.35  1.06351e-15
      4752.44  1.12047e-15
      4753.53  1.25057e-15
      4754.62  1.02155e-15
      4755.71  1.16106e-15
      4756.80  1.01284e-15
      4757.89  1.22450e-15
      4758.98  1.17594e-15
      4760.07  8.28700e-16
      4761.16  1.08175e-15
      4762.25  8.98422e-16
      4763.34  1.00019e-15
      4764.43  8.41054e-16
      4765.52  9.77300e-16
      4766.61  1.12142e-15
      4767.70  8.90641e-16
      4768.79  1.17665e-15
      4769.88  8.24420e-16
      4770.97  8.28462e-16
      4772.06  8.25799e-16
      4773.15  7.66711e-16
      4774.24  6.76735e-16
      4775.33  7.48950e-16
      4776.42  6.99207e-16
      4777.51  9.16656e-16
      4778.60  8.89397e-16
      4779.69  8.27851e-16
      4780.77  7.84697e-16
      4781.86  8.25115e-16
      4782.95  1.05356e-15
      4784.04  8.09926e-16
      4785.13  7.44654e-16
      4786.22  9.58148e-16
      4787.31  8.95399e-16
      4788.40  9.14215e-16
      4789.49  1.14679e-15
      4790.58  9.96909e-16
      4791.67  7.67523e-16
      4792.76  9.82175e-16
      4793.85  1.11058e-15
      4794.94  1.05116e-15
      4796.03  1.11238e-15
      4797.12  9.20728e-16
      4798.21  1.00307e-15
      4799.30  9.77791e-16
      4800.39  6.27469e-16
      4801.48  1.05899e-15
      4802.57  8.87825e-16
      4803.66  8.55507e-16
      4804.75  8.83148e-16
      4805.84  1.07829e-15
      4806.93  1.14906e-15
      4808.02  7.90004e-16
      4809.10  1.07396e-15
      4810.19  1.10913e-15
      4811.28  1.07887e-15
      4812.37  1.05833e-15
      4813.46  1.27046e-15
      4814.55  1.08430e-15
      4815.64  1.12586e-15
      4816.73  9.34417e-16
      4817.82  1.11674e-15
      4818.91  9.84119e-16
      4820.00  8.90395e-16
      4821.09  8.47335e-16
      4822.18  9.17459e-16
      4823.27  1.12935e-15
      4824.36  8.81516e-16
      4825.45  1.06210e-15
      4826.54  1.09531e-15
      4827.63  7.53254e-16
      4828.72  9.51218e-16
      4829.81  8.42864e-16
      4830.90  9.82907e-16
      4831.99  8.46448e-16
      4833.07  1.30590e-15
      4834.16  1.21345e-15
      4835.25  1.01906e-15
      4836.34  1.15506e-15
      4837.43  1.35767e-15
      4838.52  1.19823e-15
      4839.61  9.54583e-16
      4840.70  1.10941e-15
      4841.79  9.25145e-16
      4842.88  9.23650e-16
      4843.97  1.12695e-15
      4845.06  8.97926e-16
      4846.15  1.19128e-15
      4847.24  1.03709e-15
      4848.33  1.26715e-15
      4849.42  1.14230e-15
      4850.51  1.18758e-15
      4851.60  1.01167e-15
      4852.69  1.20069e-15
      4853.77  8.40039e-16
      4854.86  1.15678e-15
      4855.95  1.21674e-15
      4857.04  9.16491e-16
      4858.13  1.07348e-15
      4859.22  1.21207e-15
      4860.31  1.31992e-15
      4861.40  1.45875e-15
      4862.49  1.45109e-15
      4863.58  1.33964e-15
      4864.67  1.13759e-15
      4865.76  1.10662e-15
      4866.85  1.20545e-15
      4867.94  1.19113e-15
      4869.03  9.75859e-16
      4870.12  1.00765e-15
      4871.21  1.26400e-15
      4872.29  8.92229e-16
      4873.38  9.04250e-16
      4874.47  1.04180e-15
      4875.56  1.04518e-15
      4876.65  1.05192e-15
      4877.74  1.09253e-15
      4878.83  1.07496e-15
      4879.92  1.16843e-15
      4881.01  1.15283e-15
      4882.10  1.15782e-15
      4883.19  1.22378e-15
      4884.28  1.17888e-15
      4885.37  1.14359e-15
      4886.46  9.86591e-16
      4887.54  1.29865e-15
      4888.63  8.92117e-16
      4889.72  8.38804e-16
      4890.81  8.83727e-16
      4891.90  9.86824e-16
      4892.99  1.19104e-15
      4894.08  1.15039e-15
      4895.17  1.19976e-15
      4896.26  1.13670e-15
      4897.35  1.09353e-15
      4898.44  1.55663e-15
      4899.53  1.12593e-15
      4900.62  1.23239e-15
      4901.70  1.18953e-15
      4902.79  1.33620e-15
      4903.88  1.22414e-15
      4904.97  1.24313e-15
      4906.06  1.17291e-15
      4907.15  1.46086e-15
      4908.24  1.07275e-15
      4909.33  1.46026e-15
      4910.42  1.23035e-15
      4911.51  1.42219e-15
      4912.60  1.41719e-15
      4913.69  1.45443e-15
      4914.77  1.46900e-15
      4915.86  1.33969e-15
      4916.95  1.32573e-15
      4918.04  1.27816e-15
      4919.13  1.06889e-15
      4920.22  9.71637e-16
      4921.31  1.20410e-15
      4922.40  1.15370e-15
      4923.49  1.18596e-15
      4924.58  1.14397e-15
      4925.67  1.24266e-15
      4926.75  1.28250e-15
      4927.84  1.33795e-15
      4928.93  1.25834e-15
      4930.02  1.34619e-15
      4931.11  1.29194e-15
      4932.20  1.05324e-15
      4933.29  1.29829e-15
      4934.38  1.41363e-15
      4935.47  1.19250e-15
      4936.56  1.04139e-15
      4937.64  1.51883e-15
      4938.73  9.09618e-16
      4939.82  1.13046e-15
      4940.91  1.25924e-15
      4942.00  1.35903e-15
      4943.09  1.50621e-15
      4944.18  1.24018e-15
      4945.27  1.43837e-15
      4946.36  1.33228e-15
      4947.44  1.15247e-15
      4948.53  1.11149e-15
      4949.62  1.38770e-15
      4950.71  1.38220e-15
      4951.80  1.32825e-15
      4952.89  1.40445e-15
      4953.98  1.18917e-15
      4955.07  1.04244e-15
      4956.15  1.05537e-15
      4957.24  1.06401e-15
      4958.33  1.11993e-15
      4959.42  1.18543e-15
      4960.51  1.09165e-15
      4961.60  1.14276e-15
      4962.69  1.19963e-15
      4963.78  1.06307e-15
      4964.87  9.73037e-16
      4965.95  1.08110e-15
      4967.04  1.13666e-15
      4968.13  1.04142e-15
      4969.22  1.34627e-15
      4970.31  1.16348e-15
      4971.40  1.25816e-15
      4972.49  1.47348e-15
      4973.57  1.52554e-15
      4974.66  1.11030e-15
      4975.75  1.13636e-15
      4976.84  1.29480e-15
      4977.93  1.13299e-15
      4979.02  1.16444e-15
      4980.11  1.21855e-15
      4981.19  8.00155e-16
      4982.28  1.13584e-15
      4983.37  1.09112e-15
      4984.46  9.50824e-16
      4985.55  1.35551e-15
      4986.64  1.33571e-15
      4987.73  1.03260e-15
      4988.81  1.43671e-15
      4989.90  1.13085e-15
      4990.99  9.87187e-16
      4992.08  1.12682e-15
      4993.17  1.25907e-15
      4994.26  1.11871e-15
      4995.35  1.31496e-15
      4996.43  1.19757e-15
      4997.52  1.55793e-15
      4998.61  1.26282e-15
      4999.70  1.26942e-15
      5000.79  1.12072e-15
      5001.88  1.15030e-15
      5002.96  1.14039e-15
      5004.05  1.35965e-15
      5005.14  1.16414e-15
      5006.23  9.08328e-16
      5007.32  1.18571e-15
      5008.41  8.49309e-16
      5009.49  1.18323e-15
      5010.58  1.19215e-15
      5011.67  1.12191e-15
      5012.76  1.16408e-15
      5013.85  9.16732e-16
      5014.94  1.04376e-15
      5016.02  9.58866e-16
      5017.11  1.19328e-15
      5018.20  1.13348e-15
      5019.29  1.00898e-15
      5020.38  1.23429e-15
      5021.47  1.30474e-15
      5022.55  1.21954e-15
      5023.64  1.05614e-15
      5024.73  1.20696e-15
      5025.82  1.20032e-15
      5026.91  1.25980e-15
      5027.99  1.05218e-15
      5029.08  1.19934e-15
      5030.17  1.32454e-15
      5031.26  1.38679e-15
      5032.35  1.30277e-15
      5033.44  1.30715e-15
      5034.52  1.29769e-15
      5035.61  1.11474e-15
      5036.70  1.35996e-15
      5037.79  1.24595e-15
      5038.87  1.01870e-15
      5039.96  1.05506e-15
      5041.05  1.08982e-15
      5042.14  1.04633e-15
      5043.23  1.29790e-15
      5044.31  1.13364e-15
      5045.40  1.29625e-15
      5046.49  1.13632e-15
      5047.58  1.09870e-15
      5048.67  1.30289e-15
      5049.75  1.25686e-15
      5050.84  1.10093e-15
      5051.93  1.12559e-15
      5053.02  1.26971e-15
      5054.11  1.07252e-15
      5055.19  1.05608e-15
      5056.28  1.46413e-15
      5057.37  1.30445e-15
      5058.46  1.18584e-15
      5059.54  1.46890e-15
      5060.63  1.01374e-15
      5061.72  1.26866e-15
      5062.81  1.42163e-15
      5063.90  1.00540e-15
      5064.98  9.41311e-16
      5066.07  1.01980e-15
      5067.16  1.11240e-15
      5068.25  1.18336e-15
      5069.33  1.23930e-15
      5070.42  1.18948e-15
      5071.51  1.29380e-15
      5072.60  1.23264e-15
      5073.68  1.19009e-15
      5074.77  1.25644e-15
      5075.86  1.35024e-15
      5076.95  1.26940e-15
      5078.03  1.10107e-15
      5079.12  1.29664e-15
      5080.21  9.17352e-16
      5081.30  1.04605e-15
      5082.38  1.03900e-15
      5083.47  1.21559e-15
      5084.56  1.26145e-15
      5085.65  1.20566e-15
      5086.73  1.24110e-15
      5087.82  1.28164e-15
      5088.91  1.24374e-15
      5090.00  1.37055e-15
      5091.08  1.36040e-15
      5092.17  1.15023e-15
      5093.26  1.16359e-15
      5094.35  1.42987e-15
      5095.43  1.29869e-15
      5096.52  1.03642e-15
      5097.61  1.20945e-15
      5098.69  1.26845e-15
      5099.78  1.38374e-15
      5100.87  1.04895e-15
      5101.96  1.29371e-15
      5103.04  9.69442e-16
      5104.13  1.25182e-15
      5105.22  1.08751e-15
      5106.30  1.07069e-15
      5107.39  1.15116e-15
      5108.48  1.15911e-15
      5109.57  1.23577e-15
      5110.65  1.14985e-15
      5111.74  1.23950e-15
      5112.83  1.43917e-15
      5113.91  1.40526e-15
      5115.00  1.01641e-15
      5116.09  1.13438e-15
      5117.18  1.38959e-15
      5118.26  1.37827e-15
      5119.35  1.28584e-15
      5120.44  1.17992e-15
      5121.52  9.48793e-16
      5122.61  1.25321e-15
      5123.70  1.03279e-15
      5124.78  1.02945e-15
      5125.87  9.12994e-16
      5126.96  9.01225e-16
      5128.04  9.52003e-16
      5129.13  9.48138e-16
      5130.22  1.18507e-15
      5131.31  1.15361e-15
      5132.39  1.46359e-15
      5133.48  1.27462e-15
      5134.57  1.37753e-15
      5135.65  1.40857e-15
      5136.74  1.45020e-15
      5137.83  1.31939e-15
      5138.91  1.48578e-15
      5140.00  1.44213e-15
      5141.09  1.31672e-15
      5142.17  1.31961e-15
      5143.26  9.97803e-16
      5144.34  1.28076e-15
      5145.43  1.32210e-15
      5146.52  1.39517e-15
      5147.60  9.68188e-16
      5148.69  8.68946e-16
      5149.78  1.52785e-15
      5150.86  1.10520e-15
      5151.95  1.25458e-15
      5153.04  1.02623e-15
      5154.12  9.45200e-16
      5155.21  1.25944e-15
      5156.30  1.13294e-15
      5157.38  1.41924e-15
      5158.47  1.27900e-15
      5159.56  1.51511e-15
      5160.64  1.48205e-15
      5161.73  1.54429e-15
      5162.81  1.42171e-15
      5163.90  1.33875e-15
      5164.99  1.33967e-15
      5166.07  9.95061e-16
      5167.16  1.00634e-15
      5168.25  8.74477e-16
      5169.33  8.74209e-16
      5170.42  9.91771e-16
      5171.50  8.68635e-16
      5172.59  7.68208e-16
      5173.68  8.21804e-16
      5174.76  6.70246e-16
      5175.85  1.06268e-15
      5176.94  8.84849e-16
      5178.02  1.06143e-15
      5179.11  9.32424e-16
      5180.19  1.09682e-15
      5181.28  1.02852e-15
      5182.37  8.52300e-16
      5183.45  8.39387e-16
      5184.54  1.13145e-15
      5185.62  1.34848e-15
      5186.71  1.22858e-15
      5187.79  1.36921e-15
      5188.88  1.36640e-15
      5189.97  1.37893e-15
      5191.05  1.29023e-15
      5192.14  9.93136e-16
      5193.22  1.21192e-15
      5194.31  1.49988e-15
      5195.40  1.46985e-15
      5196.48  1.57900e-15
      5197.57  1.33111e-15
      5198.65  1.52981e-15
      5199.74  1.29754e-15
      5200.82  1.25885e-15
      5201.91  1.07311e-15
      5202.99  1.15362e-15
      5204.08  9.06089e-16
      5205.17  9.46168e-16
      5206.25  7.72050e-16
      5207.34  7.92235e-16
      5208.42  8.56228e-16
      5209.51  1.07634e-15
      5210.59  1.18238e-15
      5211.68  1.51462e-15
      5212.77  1.53206e-15
      5213.85  1.24142e-15
      5214.94  1.43462e-15
      5216.02  1.68743e-15
      5217.11  1.75436e-15
      5218.19  1.64193e-15
      5219.28  1.64711e-15
      5220.36  1.81168e-15
      5221.45  1.85996e-15
      5222.53  1.68935e-15
      5223.62  1.50017e-15
      5224.70  1.52342e-15
      5225.79  1.56906e-15
      5226.87  1.55164e-15
      5227.96  1.48801e-15
      5229.04  1.66057e-15
      5230.13  1.85233e-15
      5231.21  1.82351e-15
      5232.30  1.58365e-15
      5233.38  1.77853e-15
      5234.47  1.87236e-15
      5235.55  1.90660e-15
      5236.64  1.76009e-15
      5237.73  1.84001e-15
      5238.81  2.01921e-15
      5239.89  1.91598e-15
      5240.98  1.74123e-15
      5242.06  1.82651e-15
      5243.15  1.88379e-15
      5244.23  1.73901e-15
      5245.32  1.89047e-15
      5246.40  1.93004e-15
      5247.49  1.48768e-15
      5248.57  2.00764e-15
      5249.66  1.60619e-15
      5250.74  1.50600e-15
      5251.83  1.77148e-15
      5252.91  2.07655e-15
      5254.00  1.66442e-15
      5255.08  1.90969e-15
      5256.17  1.56227e-15
      5257.25  1.81890e-15
      5258.34  1.93699e-15
      5259.42  2.05784e-15
      5260.50  1.94508e-15
      5261.59  1.57156e-15
      5262.67  1.43045e-15
      5263.76  1.38490e-15
      5264.84  1.49353e-15
      5265.93  1.18401e-15
      5267.01  1.24550e-15
      5268.10  1.52033e-15
      5269.18  1.29930e-15
      5270.27  1.35518e-15
      5271.35  1.45557e-15
      5272.43  1.77136e-15
      5273.52  1.71564e-15
      5274.60  1.69442e-15
      5275.69  1.61820e-15
      5276.77  1.77579e-15
      5277.85  2.07511e-15
      5278.94  1.61437e-15
      5280.02  1.74526e-15
      5281.11  1.72467e-15
      5282.19  1.62268e-15
      5283.28  1.75202e-15
      5284.36  1.65678e-15
      5285.44  1.90632e-15
      5286.53  1.91336e-15
      5287.61  2.23562e-15
      5288.70  1.95431e-15
      5289.78  1.82333e-15
      5290.86  1.95214e-15
      5291.95  2.32957e-15
      5293.03  1.91729e-15
      5294.11  1.70679e-15
      5295.20  1.93364e-15
      5296.28  1.61084e-15
      5297.37  1.51035e-15
      5298.45  1.73790e-15
      5299.53  1.78939e-15
      5300.62  1.79693e-15
      5301.70  1.77819e-15
      5302.79  1.89639e-15
      5303.87  1.89612e-15
      5304.95  2.14111e-15
      5306.04  1.95696e-15
      5307.12  2.32383e-15
      5308.20  1.86604e-15
      5309.29  1.84201e-15
      5310.37  2.35983e-15
      5311.45  1.87332e-15
      5312.54  2.19327e-15
      5313.62  1.88851e-15
      5314.70  2.47071e-15
      5315.79  2.01156e-15
      5316.87  1.87409e-15
      5317.95  2.03375e-15
      5319.04  1.97135e-15
      5320.12  1.85009e-15
      5321.20  1.82283e-15
      5322.29  2.00456e-15
      5323.37  1.86101e-15
      5324.45  1.72423e-15
      5325.54  1.85674e-15
      5326.62  1.62064e-15
      5327.70  1.47393e-15
      5328.79  1.53205e-15
      5329.87  1.57741e-15
      5330.95  1.90428e-15
      5332.03  1.71538e-15
      5333.12  2.03769e-15
      5334.20  2.01976e-15
      5335.28  1.66864e-15
      5336.37  2.17148e-15
      5337.45  2.09566e-15
      5338.53  1.51914e-15
      5339.62  1.86501e-15
      5340.70  1.92853e-15
      5341.78  1.98235e-15
      5342.86  2.22166e-15
      5343.95  1.87281e-15
      5345.03  1.94616e-15
      5346.11  1.80186e-15
      5347.20  1.72548e-15
      5348.28  1.80517e-15
      5349.36  1.88242e-15
      5350.44  2.19635e-15
      5351.52  2.12248e-15
      5352.61  2.06329e-15
      5353.69  2.27181e-15
      5354.77  2.37732e-15
      5355.86  2.21238e-15
      5356.94  2.55084e-15
      5358.02  2.47446e-15
      5359.10  2.29070e-15
      5360.19  2.23783e-15
      5361.27  2.40866e-15
      5362.35  2.44118e-15
      5363.43  2.23744e-15
      5364.51  2.36899e-15
      5365.60  2.47164e-15
      5366.68  2.27459e-15
      5367.76  2.03107e-15
      5368.84  1.92473e-15
      5369.93  1.93801e-15
      5371.01  1.79468e-15
      5372.09  1.78776e-15
      5373.17  1.81079e-15
      5374.25  2.20722e-15
      5375.34  2.22502e-15
      5376.42  2.10672e-15
      5377.50  2.53911e-15
      5378.58  2.76377e-15
      5379.66  2.33144e-15
      5380.75  2.18657e-15
      5381.83  2.11769e-15
      5382.91  2.29416e-15
      5383.99  2.44401e-15
      5385.07  2.17679e-15
      5386.15  2.42192e-15
      5387.24  2.56537e-15
      5388.32  2.16615e-15
      5389.40  2.48681e-15
      5390.48  2.30078e-15
      5391.56  2.46646e-15
      5392.64  2.08801e-15
      5393.73  2.08330e-15
      5394.81  2.08052e-15
      5395.89  1.74748e-15
      5396.97  1.89644e-15
      5398.05  2.18502e-15
      5399.13  2.45804e-15
      5400.21  1.80468e-15
      5401.30  2.24037e-15
      5402.38  2.06990e-15
      5403.46  2.02524e-15
      5404.54  1.92689e-15
      5405.62  2.44720e-15
      5406.70  2.08501e-15
      5407.78  1.96324e-15
      5408.86  2.19767e-15
      5409.95  2.13439e-15
      5411.03  1.89761e-15
      5412.11  1.91428e-15
      5413.19  2.38487e-15
      5414.27  2.56997e-15
      5415.35  2.59637e-15
      5416.43  2.76031e-15
      5417.51  2.55944e-15
      5418.59  2.44754e-15
      5419.67  2.43726e-15
      5420.76  2.55948e-15
      5421.84  2.36374e-15
      5422.92  2.55843e-15
      5424.00  2.47376e-15
      5425.08  2.33239e-15
      5426.16  2.58921e-15
      5427.24  2.35123e-15
      5428.32  2.46789e-15
      5429.40  2.09564e-15
      5430.48  1.94156e-15
      5431.56  2.46647e-15
      5432.64  2.21527e-15
      5433.72  1.82511e-15
      5434.80  2.09365e-15
      5435.88  2.28470e-15
      5436.97  1.99798e-15
      5438.05  2.09262e-15
      5439.13  2.42310e-15
      5440.21  2.78443e-15
      5441.29  2.54533e-15
      5442.37  2.58066e-15
      5443.45  2.50872e-15
      5444.53  2.34458e-15
      5445.61  2.21016e-15
      5446.69  2.49970e-15
      5447.77  1.75493e-15
      5448.85  2.11532e-15
      5449.93  2.02073e-15
      5451.01  2.02043e-15
      5452.09  1.97483e-15
      5453.17  2.10145e-15
      5454.25  2.01976e-15
      5455.33  2.12435e-15
      5456.41  2.15836e-15
      5457.49  2.33417e-15
      5458.57  2.36162e-15
      5459.65  2.09841e-15
      5460.73  2.11259e-15
      5461.81  2.13679e-15
      5462.89  2.46915e-15
      5463.97  2.34149e-15
      5465.05  2.24681e-15
      5466.13  2.12403e-15
      5467.21  2.43424e-15
      5468.29  2.13732e-15
      5469.37  2.38941e-15
      5470.44  2.23782e-15
      5471.52  2.50549e-15
      5472.60  2.68726e-15
      5473.68  1.97890e-15
      5474.76  2.08060e-15
      5475.84  2.34601e-15
      5476.92  2.02935e-15
      5478.00  1.95889e-15
      5479.08  2.52292e-15
      5480.16  2.73943e-15
      5481.24  2.26736e-15
      5482.32  1.80080e-15
      5483.40  2.38178e-15
      5484.48  2.72118e-15
      5485.55  2.83801e-15
      5486.63  2.51629e-15
      5487.71  2.53260e-15
      5488.79  2.66378e-15
      5489.87  2.43872e-15
      5490.95  2.69737e-15
      5492.03  2.57320e-15
      5493.11  2.85902e-15
      5494.19  2.60859e-15
      5495.27  2.45671e-15
      5496.34  2.19097e-15
      5497.42  2.42741e-15
      5498.50  2.29375e-15
      5499.58  2.57540e-15
      5500.66  1.92631e-15
      5501.74  2.17047e-15
      5502.82  2.44675e-15
      5503.89  2.58131e-15
      5504.97  2.16632e-15
      5506.05  2.22584e-15
      5507.13  2.22902e-15
      5508.21  2.29038e-15
      5509.29  2.53794e-15
      5510.36  2.39154e-15
      5511.44  2.24451e-15
      5512.52  2.05673e-15
      5513.60  2.09068e-15
      5514.68  2.45306e-15
      5515.76  2.47386e-15
      5516.83  2.47693e-15
      5517.91  2.55393e-15
      5518.99  2.68001e-15
      5520.07  2.20041e-15
      5521.15  2.56036e-15
      5522.23  2.70413e-15
      5523.30  2.92553e-15
      5524.38  3.03512e-15
      5525.46  2.57492e-15
      5526.54  2.33166e-15
      5527.61  2.82956e-15
      5528.69  2.69528e-15
      5529.77  2.88355e-15
      5530.85  2.93415e-15
      5531.93  2.64533e-15
      5533.00  2.91687e-15
      5534.08  2.84712e-15
      5535.16  2.48077e-15
      5536.24  2.55874e-15
      5537.31  2.93924e-15
      5538.39  2.55327e-15
      5539.47  2.44738e-15
      5540.55  2.70402e-15
      5541.62  2.99195e-15
      5542.70  2.85115e-15
      5543.78  1.90667e-15
      5544.86  2.44961e-15
      5545.93  3.08371e-15
      5547.01  3.14359e-15
      5548.09  2.68648e-15
      5549.17  2.89777e-15
      5550.24  2.68463e-15
      5551.32  2.93308e-15
      5552.40  3.08512e-15
      5553.47  2.51500e-15
      5554.55  3.21350e-15
      5555.63  2.41933e-15
      5556.70  2.84017e-15
      5557.78  3.12496e-15
      5558.86  2.97992e-15
      5559.93  2.95879e-15
      5561.01  2.93761e-15
      5562.09  2.93719e-15
      5563.17  2.31549e-15
      5564.24  2.57617e-15
      5565.32  2.05387e-15
      5566.40  2.50514e-15
      5567.47  2.42694e-15
      5568.55  2.34309e-15
      5569.62  2.59680e-15
      5570.70  2.35828e-15
      5571.78  2.80624e-15
      5572.85  2.48047e-15
      5573.93  2.94296e-15
      5575.01  2.88541e-15
      5576.08  2.09665e-15
      5577.16  2.82627e-15
      5578.24  3.10825e-15
      5579.31  2.52163e-15
      5580.39  3.15643e-15
      5581.46  2.74149e-15
      5582.54  3.29408e-15
      5583.62  2.29487e-15
      5584.69  2.52946e-15
      5585.77  2.49948e-15
      5586.84  2.14970e-15
      5587.92  2.78456e-15
      5589.00  2.74969e-15
      5590.07  2.60579e-15
      5591.15  2.64917e-15
      5592.22  2.33438e-15
      5593.30  2.47617e-15
      5594.38  2.87579e-15
      5595.45  2.73203e-15
      5596.53  2.60186e-15
      5597.60  2.09797e-15
      5598.68  2.72470e-15
      5599.75  1.89375e-15
      5600.83  2.46721e-15
      5601.90  2.53034e-15
      5602.98  2.91276e-15
      5604.06  2.87148e-15
      5605.13  2.36063e-15
      5606.21  2.88915e-15
      5607.28  3.06638e-15
      5608.36  3.22713e-15
      5609.43  3.41039e-15
      5610.51  2.76774e-15
      5611.58  2.78314e-15
      5612.66  2.47977e-15
      5613.73  2.98491e-15
      5614.81  2.61138e-15
      5615.88  2.08754e-15
      5616.96  2.50458e-15
      5618.03  2.28857e-15
      5619.11  2.57934e-15
      5620.18  2.19593e-15
      5621.26  2.76423e-15
      5622.33  3.06902e-15
      5623.41  2.69024e-15
      5624.48  2.72544e-15
      5625.56  2.48430e-15
      5626.63  3.51339e-15
      5627.71  3.34706e-15
      5628.78  1.92427e-15
      5629.85  2.14551e-15
      5630.93  2.64886e-15
      5632.00  2.80255e-15
      5633.08  3.12184e-15
      5634.15  2.93891e-15
      5635.23  3.35276e-15
      5636.30  2.83033e-15
      5637.38  3.38383e-15
      5638.45  2.43978e-15
      5639.52  3.22915e-15
      5640.60  2.50305e-15
      5641.67  2.87209e-15
      5642.75  3.07687e-15
      5643.82  2.85989e-15
      5644.89  2.64229e-15
      5645.97  2.64612e-15
      5647.04  2.79792e-15
      5648.12  2.71559e-15
      5649.19  2.71140e-15
      5650.26  3.10941e-15
      5651.34  3.12009e-15
      5652.41  3.09572e-15
      5653.49  3.06954e-15
      5654.56  2.87373e-15
      5655.63  3.17837e-15
      5656.71  2.84720e-15
      5657.78  3.26867e-15
      5658.85  2.58382e-15
      5659.93  2.11572e-15
      5661.00  3.01004e-15
      5662.07  2.72076e-15
      5663.15  2.91138e-15
      5664.22  3.41087e-15
      5665.29  2.79359e-15
      5666.37  2.43679e-15
      5667.44  3.05711e-15
      5668.51  2.67130e-15
      5669.59  2.06419e-15
      5670.66  1.82739e-15
      5671.73  4.42338e-15
      5672.81  4.08331e-15
      5673.88  3.08701e-15
      5674.95  2.82853e-15
      5676.02  3.04553e-15
      5677.10  2.40844e-15
      5678.17  2.44379e-15
      5679.24  3.44168e-15
      5680.32  2.14656e-15
      5681.39  2.15061e-15
      5682.46  2.96597e-15
      5683.53  2.82749e-15
      5684.61  2.08649e-15
      5685.68  2.94407e-15
      5686.75  2.43510e-15
#       5687.82  1.40529e-15
#       5688.90  3.53582e-15
#       5689.97  2.88220e-15
#       5691.04  1.85932e-15
#       5692.11  3.69319e-15
#       5693.19  4.68034e-15
#       5694.26  3.82721e-15
#       5695.33  3.77884e-15
#       5696.40  3.60454e-15
#       5697.48  2.88543e-15
#       5698.55  4.18595e-15
#       5699.62  3.91846e-15
      6165.78  3.56153e-15
      6168.23  3.41042e-15
      6170.67  3.60951e-15
      6173.12  3.58029e-15
      6175.57  3.74785e-15
      6178.02  3.75178e-15
      6180.47  4.07803e-15
      6182.92  3.75776e-15
      6185.37  3.51686e-15
      6187.82  3.67593e-15
      6190.27  3.46305e-15
      6192.72  3.64835e-15
      6195.17  3.77426e-15
      6197.62  3.73241e-15
      6200.07  3.79308e-15
      6202.52  3.84287e-15
      6204.97  3.96601e-15
      6207.42  3.86099e-15
      6209.87  3.76948e-15
      6212.32  3.62379e-15
      6214.77  3.44193e-15
      6217.22  3.31277e-15
      6219.67  3.69091e-15
      6222.13  3.23918e-15
      6224.58  3.54861e-15
      6227.03  3.45004e-15
      6229.48  3.56535e-15
      6231.93  3.44178e-15
      6234.38  3.59915e-15
      6236.83  3.44578e-15
      6239.28  3.41022e-15
      6241.73  3.57376e-15
      6244.19  3.53334e-15
      6246.64  3.54853e-15
      6249.09  3.55830e-15
      6251.54  3.45412e-15
      6253.99  3.56340e-15
      6256.44  3.77646e-15
      6258.89  3.51351e-15
      6261.35  3.61792e-15
      6263.80  3.79047e-15
      6266.25  3.63477e-15
      6268.70  3.93631e-15
      6271.15  3.80467e-15
      6273.61  3.92173e-15
      6276.06  4.00123e-15
      6278.51  3.99175e-15
      6280.96  3.95430e-15
      6283.42  4.02048e-15
      6285.87  3.82241e-15
      6288.32  4.14291e-15
      6290.77  4.11297e-15
      6293.23  4.05598e-15
      6295.68  3.98636e-15
      6298.13  4.17755e-15
      6300.58  4.39405e-15
      6303.04  4.23876e-15
      6305.49  4.20381e-15
      6307.94  3.92729e-15
      6310.40  4.41042e-15
      6312.85  4.41320e-15
      6315.30  4.37319e-15
      6317.76  4.30418e-15
      6320.21  4.29054e-15
      6322.66  4.57023e-15
      6325.12  4.36823e-15
      6327.57  4.63197e-15
      6330.02  4.68890e-15
      6332.48  4.63566e-15
      6334.93  4.64732e-15
      6337.39  4.65142e-15
      6339.84  4.55039e-15
      6342.29  4.81443e-15
      6344.75  4.50920e-15
      6347.20  4.82055e-15
      6349.66  4.54894e-15
      6352.11  4.91533e-15
      6354.56  4.48567e-15
      6357.02  4.61988e-15
      6359.47  4.69003e-15
      6361.93  4.50728e-15
      6364.38  4.73548e-15
      6366.84  4.58252e-15
      6369.29  4.81279e-15
      6371.75  4.80362e-15
      6374.20  4.50478e-15
      6376.66  4.40797e-15
      6379.11  4.55691e-15
      6381.57  4.49751e-15
      6384.02  4.46093e-15
      6386.48  4.77801e-15
      6388.93  4.68229e-15
      6391.39  4.31795e-15
      6393.84  4.71293e-15
      6396.30  4.63223e-15
      6398.75  4.60182e-15
      6401.21  5.17235e-15
      6403.67  4.84549e-15
      6406.12  4.74958e-15
      6408.58  5.04328e-15
      6411.03  4.90577e-15
      6413.49  5.03802e-15
      6415.94  4.91516e-15
      6418.40  4.97457e-15
      6420.86  4.85996e-15
      6423.31  4.93213e-15
      6425.77  5.14252e-15
      6428.22  5.07412e-15
      6430.68  5.17098e-15
      6433.14  5.03307e-15
      6435.59  4.92014e-15
      6438.05  4.92104e-15
      6440.51  5.21026e-15
      6442.96  4.85407e-15
      6445.42  5.17026e-15
      6447.88  5.16882e-15
      6450.33  5.12185e-15
      6452.79  5.07484e-15
      6455.25  5.05833e-15
      6457.70  5.22302e-15
      6460.16  5.06345e-15
      6462.62  5.50675e-15
      6465.08  5.29027e-15
      6467.53  5.35394e-15
      6469.99  5.14390e-15
      6472.45  5.27547e-15
      6474.91  5.62627e-15
      6477.36  5.27024e-15
      6479.82  5.37048e-15
      6482.28  5.35404e-15
      6484.74  5.26608e-15
      6487.19  5.01946e-15
      6489.65  5.02839e-15
      6492.11  4.89448e-15
      6494.57  5.10528e-15
      6497.03  5.28294e-15
      6499.48  5.14210e-15
      6501.94  5.33888e-15
      6504.40  5.51103e-15
      6506.86  5.24145e-15
      6509.32  5.66279e-15
      6511.77  5.62925e-15
      6514.23  5.74809e-15
      6516.69  5.73770e-15
      6519.15  5.66398e-15
      6521.61  5.58660e-15
      6524.07  5.53558e-15
      6526.53  5.81487e-15
      6528.98  5.75776e-15
      6531.44  5.61781e-15
      6533.90  5.70122e-15
      6536.36  5.93323e-15
      6538.82  5.79467e-15
      6541.28  5.89278e-15
      6543.74  5.78026e-15
      6546.20  5.73790e-15
      6548.66  5.60485e-15
#       6551.12  5.67529e-15
#       6553.58  5.95362e-15
#       6556.04  6.32789e-15
#       6558.50  6.48979e-15
#       6560.96  6.77106e-15
#       6563.42  6.56266e-15
#       6565.87  6.21072e-15
#       6568.33  5.98915e-15
      6570.79  5.62114e-15
      6573.25  5.54138e-15
      6575.71  5.54130e-15
      6578.17  5.54083e-15
      6580.63  5.64352e-15
      6583.09  5.68522e-15
      6585.55  5.58553e-15
      6588.01  5.52093e-15
      6590.48  5.61443e-15
      6592.94  5.55994e-15
      6595.40  5.31953e-15
      6597.86  5.57024e-15
      6600.32  5.64186e-15
      6602.78  5.63052e-15
      6605.24  5.71558e-15
      6607.70  5.66084e-15
      6610.16  5.91227e-15
      6612.62  5.64220e-15
      6615.08  5.88915e-15
      6617.54  5.74470e-15
      6620.00  5.69273e-15
      6622.46  5.63580e-15
      6624.93  5.88199e-15
      6627.39  5.61569e-15
      6629.85  5.67572e-15
      6632.31  5.72277e-15
      6634.77  5.63261e-15
      6637.23  5.67096e-15
      6639.69  5.76320e-15
      6642.16  5.70644e-15
      6644.62  5.45560e-15
      6647.08  5.81715e-15
      6649.54  5.67894e-15
      6652.00  5.72286e-15
      6654.46  5.59691e-15
      6656.93  5.70918e-15
      6659.39  5.60636e-15
      6661.85  5.56993e-15
      6664.31  5.38552e-15
      6666.77  5.45930e-15
      6669.24  5.82578e-15
      6671.70  5.67605e-15
      6674.16  5.47761e-15
      6676.62  5.55129e-15
      6679.09  5.55854e-15
      6681.55  5.46382e-15
      6684.01  5.55249e-15
      6686.47  5.36419e-15
      6688.94  5.57138e-15
      6691.40  5.72376e-15
      6693.86  5.83348e-15
      6696.32  5.52154e-15
      6698.79  5.43305e-15
      6701.25  5.46737e-15
      6703.71  5.32870e-15
      6706.18  5.03038e-15
      6708.64  5.19417e-15
      6711.10  5.27496e-15
      6713.57  5.20582e-15
      6716.03  5.22971e-15
      6718.49  5.29499e-15
      6720.96  5.26207e-15
      6723.42  5.48338e-15
      6725.88  5.38496e-15
      6728.35  5.42051e-15
      6730.81  5.39127e-15
      6733.27  5.57993e-15
      6735.74  5.42469e-15
      6738.20  5.32076e-15
      6740.67  5.32301e-15
      6743.13  5.55738e-15
      6745.59  5.42865e-15
      6748.06  5.24744e-15
      6750.52  5.29871e-15
      6752.99  5.14959e-15
      6755.45  5.38965e-15
      6757.91  5.55968e-15
      6760.38  5.32860e-15
      6762.84  5.47919e-15
      6765.31  5.31480e-15
      6767.77  5.26704e-15
      6770.24  5.70726e-15
      6772.70  5.56414e-15
      6775.16  5.56959e-15
      6777.63  5.68654e-15
      6780.09  5.61058e-15
      6782.56  5.27245e-15
      6785.02  5.25850e-15
      6787.49  5.09261e-15
      6789.95  5.19591e-15
      6792.42  5.49089e-15
      6794.88  5.28409e-15
      6797.35  5.39100e-15
      6799.81  5.63942e-15
      6802.28  5.33135e-15
      6804.74  5.33261e-15
      6807.21  5.64963e-15
      6809.68  5.57090e-15
      6812.14  5.42525e-15
      6814.61  5.33038e-15
      6817.07  5.44996e-15
      6819.54  5.53748e-15
      6822.00  5.54216e-15
      6824.47  5.52626e-15
      6826.93  5.32217e-15
      6829.40  5.61984e-15
      6831.87  5.62314e-15
      6834.33  5.57929e-15
      6836.80  5.55437e-15
      6839.26  5.63989e-15
      6841.73  5.72829e-15
      6844.20  5.25830e-15
      6846.66  5.46812e-15
      6849.13  5.41583e-15
      6851.60  5.22702e-15
      6854.06  5.60888e-15
      6856.53  5.04181e-15
      6858.99  5.10362e-15
      6861.46  5.10185e-15
      6863.93  5.09281e-15
      6866.39  5.01132e-15
      6868.86  5.42836e-15
      6871.33  5.58272e-15
      6873.79  6.05363e-15
      6876.26  5.90893e-15
      6878.73  5.71375e-15
      6881.19  5.68464e-15
      6883.66  5.50560e-15
      6886.13  5.59907e-15
      6888.60  5.79346e-15
      6891.06  5.90052e-15
      6893.53  6.05643e-15
      6896.00  5.75138e-15
      6898.46  5.78359e-15
      6900.93  5.80112e-15
      6903.40  5.93861e-15
      6905.87  5.90224e-15
      6908.33  6.02026e-15
      6910.80  6.11309e-15
      6913.27  5.98869e-15
      6915.74  5.89481e-15
      6918.21  5.72345e-15
      6920.67  5.86860e-15
      6923.14  6.37779e-15
      6925.61  6.34429e-15
      6928.08  6.57971e-15
      6930.54  6.25305e-15
      6933.01  6.43343e-15
      6935.48  6.38140e-15
      6937.95  6.48151e-15
      6940.42  6.55984e-15
      6942.88  6.56525e-15
      6945.35  6.64381e-15
      6947.82  6.56467e-15
      6950.29  6.57396e-15
      6952.76  6.76285e-15
      6955.23  6.56717e-15
      6957.70  6.82137e-15
      6960.16  6.88326e-15
      6962.63  6.52153e-15
      6965.10  6.79326e-15
      6967.57  6.70581e-15
      6970.04  6.97740e-15
      6972.51  6.45875e-15
      6974.98  6.61835e-15
      6977.45  6.67920e-15
      6979.92  6.33517e-15
      6982.38  6.74044e-15
      6984.85  6.71387e-15
      6987.32  6.84567e-15
      6989.79  6.98234e-15
      6992.26  6.60533e-15
      6994.73  6.98854e-15
      6997.20  6.98974e-15
      6999.67  6.82144e-15
      7002.14  7.00039e-15
      7004.61  7.03777e-15
      7007.08  6.95010e-15
      7009.55  6.89242e-15
      7012.02  7.10409e-15
      7014.49  7.37065e-15
      7016.96  6.76413e-15
      7019.43  7.12392e-15
      7021.90  7.18658e-15
      7024.37  7.31844e-15
      7026.84  7.13954e-15
      7029.31  7.10139e-15
      7031.78  7.54866e-15
      7034.25  7.53365e-15
      7036.72  7.92416e-15
      7039.19  7.58296e-15
      7041.66  7.74000e-15
      7044.13  7.83620e-15
      7046.60  7.94419e-15
      7049.07  7.78324e-15
      7051.54  7.43886e-15
      7054.01  7.14076e-15
      7056.48  6.70758e-15
      7058.95  6.67607e-15
      7061.42  6.46737e-15
      7063.89  6.86308e-15
      7066.36  6.78050e-15
      7068.83  7.16623e-15
      7071.30  7.08117e-15
      7073.77  7.31681e-15
      7076.24  7.35708e-15
      7078.72  7.48881e-15
      7081.19  7.09963e-15
      7083.66  6.91976e-15
      7086.13  6.79770e-15
      7088.60  6.56486e-15
      7091.07  6.59265e-15
      7093.54  6.57983e-15
      7096.01  6.57972e-15
      7098.48  6.68546e-15
      7100.96  6.75361e-15
      7103.43  6.75891e-15
      7105.90  6.68511e-15
      7108.37  7.07167e-15
      7110.84  6.94329e-15
      7113.31  6.81984e-15
      7115.79  6.90081e-15
      7118.26  7.07668e-15
      7120.73  6.89794e-15
      7123.20  6.80046e-15
      7125.67  6.28193e-15
      7128.15  6.07900e-15
      7130.62  6.12189e-15
      7133.09  6.07535e-15
      7135.56  6.18458e-15
      7138.03  6.37602e-15
      7140.51  6.24101e-15
      7142.98  6.27668e-15
      7145.45  6.30763e-15
      7147.92  6.44014e-15
      7150.39  6.41758e-15
      7152.87  6.65563e-15
      7155.34  6.57911e-15
      7157.81  6.68499e-15
      7160.28  6.56157e-15
      7162.76  6.64159e-15
      7165.23  6.63247e-15
      7167.70  6.93509e-15
      7170.17  6.73960e-15
      7172.65  7.08795e-15
      7175.12  6.79513e-15
      7177.59  6.83357e-15
      7180.07  6.97768e-15
      7182.54  7.00958e-15
      7185.01  7.00475e-15
      7187.48  6.79787e-15
      7189.96  7.37339e-15
      7192.43  7.10417e-15
      7194.90  7.07337e-15
      7197.38  6.74696e-15
      7199.85  6.59981e-15
      7202.32  6.76283e-15
      7204.80  6.83405e-15
      7207.27  6.85633e-15
      7209.74  6.82346e-15
      7212.22  7.12653e-15
      7214.69  7.15920e-15
      7217.16  7.33256e-15
      7219.64  7.45893e-15
      7222.11  7.21164e-15
      7224.59  7.58115e-15
      7227.06  7.52546e-15
      7229.53  7.58550e-15
      7232.01  7.85908e-15
      7234.48  7.82466e-15
      7236.96  7.63509e-15
      7239.43  7.66921e-15
      7241.90  7.55278e-15
      7244.38  7.71343e-15
      7246.85  7.59237e-15
      7249.33  7.95210e-15
      7251.80  7.76983e-15
      7254.27  7.84227e-15
      7256.75  7.81395e-15
      7259.22  7.97709e-15
      7261.70  7.80437e-15
      7264.17  8.19400e-15
      7266.65  8.26088e-15
      7269.12  8.10179e-15
      7271.59  7.91291e-15
      7274.07  8.12242e-15
      7276.54  8.29988e-15
      7279.02  8.05810e-15
      7281.49  8.28875e-15
      7283.97  8.32550e-15
      7286.44  8.40250e-15
      7288.92  8.19972e-15
      7291.39  8.29309e-15
      7293.87  8.40006e-15
      7296.34  8.67496e-15
      7298.82  8.54316e-15
      7301.29  8.55015e-15
      7303.77  8.63404e-15
      7306.24  8.41381e-15
      7308.72  8.53576e-15
      7311.19  8.64334e-15
      7313.67  8.65434e-15
      7316.14  8.81080e-15
      7318.62  8.69355e-15
      7321.09  8.72716e-15
      7323.57  8.31595e-15
      7326.04  8.56262e-15
      7328.52  8.54466e-15
      7331.00  9.02993e-15
      7333.47  8.99856e-15
      7335.95  8.81669e-15
      7338.42  9.03587e-15
      7340.90  8.77417e-15
      7343.37  8.99008e-15
      7345.85  8.58808e-15
      7348.33  8.91280e-15
      7350.80  8.97725e-15
      7353.28  8.74358e-15
      7355.75  8.63087e-15
      7358.23  8.77655e-15
      7360.71  8.88964e-15
      7363.18  8.87564e-15
      7365.66  8.84640e-15
      7368.13  9.39624e-15
      7370.61  9.38490e-15
      7373.09  9.34652e-15
      7375.56  9.32605e-15
      7378.04  9.49326e-15
      7380.52  9.48720e-15
      7382.99  9.26228e-15
      7385.47  9.29568e-15
      7387.95  9.05332e-15
      7390.42  9.17144e-15
      7392.90  9.29115e-15
      7395.38  9.32908e-15
      7397.85  9.41003e-15
      7400.33  9.19110e-15
      7402.81  9.22824e-15
      7405.28  9.45384e-15
      7407.76  9.19478e-15
      7410.24  9.47088e-15
      7412.71  9.52654e-15
      7415.19  9.44021e-15
      7417.67  9.40406e-15
      7420.14  9.11461e-15
      7422.62  9.27597e-15
      7425.10  9.55287e-15
      7427.58  9.74977e-15
      7430.05  9.54712e-15
      7432.53  9.42132e-15
      7435.01  1.00059e-14
      7437.48  9.94055e-15
      7439.96  9.53945e-15
      7442.44  9.49636e-15
      7444.92  9.57657e-15
      7447.39  9.60481e-15
      7449.87  9.53065e-15
      7452.35  9.77505e-15
      7454.83  9.80220e-15
      7457.30  9.97023e-15
      7459.78  9.63974e-15
      7462.26  9.35127e-15
      7464.74  9.96331e-15
      7467.22  9.87465e-15
      7469.69  9.91181e-15
      7472.17  9.97792e-15
      7474.65  9.70473e-15
      7477.13  9.92737e-15
      7479.60  9.94773e-15
      7482.08  1.02058e-14
      7484.56  1.02742e-14
      7487.04  1.00065e-14
      7489.52  9.65847e-15
      7492.00  9.53151e-15
      7494.47  9.88993e-15
      7496.95  1.00599e-14
      7499.43  1.00012e-14
      7501.91  1.01826e-14
      7504.39  1.00133e-14
      7506.87  1.00818e-14
      7509.34  9.99551e-15
      7511.82  9.81316e-15
      7514.30  1.04256e-14
      7516.78  1.01684e-14
      7519.26  1.00859e-14
      7521.74  9.90357e-15
      7524.21  1.00189e-14
      7526.69  1.00789e-14
      7529.17  1.02014e-14
      7531.65  1.02350e-14
      7534.13  1.01828e-14
      7536.61  1.04319e-14
      7539.09  1.02692e-14
      7541.57  1.04047e-14
      7544.05  1.05487e-14
      7546.52  1.01514e-14
      7549.00  1.00662e-14
      7551.48  1.04071e-14
      7553.96  1.03032e-14
      7556.44  1.05556e-14
      7558.92  1.03408e-14
      7561.40  1.04378e-14
      7563.88  1.02590e-14
      7566.36  1.04651e-14
      7568.84  1.04804e-14
      7571.32  1.03967e-14
      7573.80  1.03766e-14
      7576.27  1.02757e-14
      7578.75  1.04408e-14
      7581.23  1.05112e-14
      7583.71  1.01725e-14
      7586.19  9.94402e-15
#       7588.67  9.78902e-15
#       7591.15  8.67674e-15
#       7593.63  7.93777e-15
#       7596.11  7.83137e-15
#       7598.59  7.67869e-15
#       7601.07  8.34461e-15
#       7603.55  7.72041e-15
#       7606.03  9.40620e-15
#       7608.51  1.09960e-14
#       7610.99  1.22005e-14
#       7613.47  1.23682e-14
#       7615.95  1.10502e-14
#       7618.43  9.59492e-15
#       7620.91  8.55547e-15
      7623.39  9.49050e-15
      7625.87  9.60117e-15
      7628.35  9.64427e-15
      7630.83  9.79658e-15
      7633.31  9.87939e-15
      7635.79  1.01221e-14
      7638.27  1.04000e-14
      7640.75  9.95111e-15
      7643.23  1.03885e-14
      7645.71  1.01746e-14
      7648.19  1.01591e-14
      7650.67  9.74690e-15
      7653.15  1.01372e-14
      7655.64  9.75264e-15
      7658.12  9.68046e-15
      7660.60  9.39806e-15
      7663.08  8.41108e-15
      7665.56  8.94794e-15
      7668.04  9.22267e-15
      7670.52  9.56056e-15
      7673.00  9.62637e-15
      7675.48  9.54645e-15
      7677.96  9.58559e-15
      7680.44  9.44989e-15
      7682.92  9.53435e-15
      7685.40  9.70733e-15
      7687.89  9.68985e-15
      7690.37  9.77572e-15
      7692.85  9.83119e-15
      7695.33  9.28980e-15
      7697.81  8.58125e-15
      7700.29  9.09874e-15
      7702.77  9.78677e-15
      7705.25  9.78329e-15
      7707.74  9.52836e-15
      7710.22  9.36603e-15
      7712.70  9.37422e-15
      7715.18  9.66117e-15
      7717.66  9.58653e-15
      7720.14  9.88708e-15
      7722.62  9.88421e-15
      7725.10  9.89386e-15
      7727.59  9.96120e-15
      7730.07  1.00297e-14
      7732.55  1.01949e-14
      7735.03  1.01303e-14
      7737.51  1.01136e-14
      7740.00  9.96864e-15
      7742.48  1.00467e-14
      7744.96  9.68802e-15
      7747.44  9.54179e-15
      7749.92  9.58014e-15
      7752.40  9.85399e-15
      7754.89  1.00103e-14
      7757.37  9.69239e-15
      7759.85  9.60291e-15
      7762.33  9.83268e-15
      7764.81  9.99008e-15
      7767.30  1.00752e-14
      7769.78  1.01700e-14
      7772.26  1.00213e-14
      7774.74  1.00378e-14
      7777.22  1.03204e-14
      7779.71  9.97304e-15
      7782.19  1.00892e-14
      7784.67  9.80970e-15
      7787.15  1.01574e-14
      7789.64  9.97007e-15
      7792.12  1.01108e-14
      7794.60  1.03871e-14
      7797.08  9.95667e-15
      7799.57  1.03191e-14
      7802.05  1.03019e-14
      7804.53  1.04002e-14
      7807.01  1.03514e-14
      7809.50  1.03968e-14
      7811.98  1.06724e-14
      7814.46  1.06313e-14
      7816.94  1.07220e-14
      7819.43  1.04330e-14
      7821.91  1.03737e-14
      7824.39  1.06912e-14
      7826.87  1.01155e-14
      7829.36  9.82613e-15
      7831.84  9.83066e-15
      7834.32  9.84898e-15
      7836.81  9.84506e-15
      7839.29  1.02850e-14
      7841.77  1.04987e-14
      7844.26  1.04849e-14
      7846.74  1.06472e-14
      7849.22  1.06182e-14
      7851.70  1.03933e-14
      7854.19  1.00971e-14
      7856.67  1.08051e-14
      7859.15  1.06466e-14
      7861.64  1.02185e-14
      7864.12  1.06390e-14
      7866.60  1.06089e-14
      7869.09  1.09741e-14
      7871.57  1.04865e-14
      7874.05  1.09077e-14
      7876.54  1.07946e-14
      7879.02  1.08549e-14
      7881.50  1.05733e-14
      7883.99  1.02807e-14
      7886.47  1.06525e-14
      7888.95  1.08832e-14
      7891.44  1.05324e-14
      7893.92  1.10499e-14
      7896.41  1.06839e-14
      7898.89  1.07475e-14
      7901.37  1.11659e-14
      7903.86  1.06788e-14
      7906.34  1.06371e-14
      7908.82  1.07338e-14
      7911.31  1.05206e-14
      7913.79  1.03430e-14
      7916.27  1.07022e-14
      7918.76  1.09589e-14
      7921.24  1.11529e-14
      7923.73  1.07861e-14
      7926.21  1.11218e-14
      7928.69  1.08142e-14
      7931.18  1.08685e-14
      7933.66  1.09298e-14
      7936.15  1.05780e-14
      7938.63  1.07306e-14
      7941.12  1.04884e-14
      7943.60  1.04453e-14
      7946.08  1.05323e-14
      7948.57  1.09999e-14
      7951.05  1.10022e-14
      7953.54  1.14328e-14
      7956.02  1.08583e-14
      7958.51  1.13423e-14
      7960.99  1.13500e-14
      7963.47  1.12663e-14
      7965.96  1.11962e-14
      7968.44  1.17820e-14
      7970.93  1.12861e-14
      7973.41  1.15687e-14
      7975.90  1.13181e-14
      7978.38  1.16249e-14
      7980.87  1.14154e-14
      7983.35  1.13388e-14
      7985.83  1.15229e-14
      7988.32  1.15862e-14
      7990.80  1.14200e-14
      7993.29  1.12029e-14
      7995.77  1.09716e-14
      7998.26  1.13841e-14
      8000.74  1.13256e-14
      8003.23  1.17601e-14
      8005.71  1.16270e-14
      8008.20  1.16777e-14
      8010.68  1.19493e-14
      8013.17  1.16487e-14
      8015.65  1.17387e-14
      8018.14  1.13913e-14
      8020.62  1.18717e-14
      8023.11  1.11157e-14
      8025.59  1.15683e-14
      8028.08  1.14597e-14
      8030.56  1.17443e-14
      8033.05  1.19148e-14
      8035.53  1.19898e-14
      8038.02  1.20868e-14
      8040.50  1.16051e-14
      8042.99  1.15923e-14
      8045.47  1.15637e-14
      8047.96  1.17370e-14
      8050.44  1.18610e-14
      8052.93  1.17282e-14
      8055.41  1.18705e-14
      8057.90  1.21777e-14
      8060.38  1.21064e-14
      8062.87  1.19992e-14
      8065.36  1.15779e-14
      8067.84  1.14874e-14
      8070.33  1.18067e-14
      8072.81  1.16801e-14
      8075.30  1.21888e-14
      8077.78  1.20752e-14
      8080.27  1.21398e-14
      8082.75  1.20085e-14
      8085.24  1.21525e-14
      8087.73  1.20661e-14
      8090.21  1.22401e-14
      8092.70  1.19381e-14
      8095.18  1.20473e-14
      8097.67  1.20075e-14
      8100.15  1.25363e-14
      8102.64  1.19222e-14
      8105.13  1.24031e-14
      8107.61  1.25842e-14
      8110.10  1.23179e-14
      8112.58  1.19528e-14
      8115.07  1.17214e-14
      8117.56  1.19660e-14
      8120.04  1.25692e-14
      8122.53  1.22998e-14
      8125.01  1.24665e-14
      8127.50  1.21223e-14
      8129.99  1.25213e-14
      8132.47  1.26492e-14
      8134.96  1.25743e-14
      8137.44  1.25854e-14
      8139.93  1.25107e-14
      8142.42  1.23163e-14
      8144.90  1.23651e-14
      8147.39  1.26547e-14
      8149.88  1.23337e-14
      8152.36  1.30594e-14
      8154.85  1.30903e-14
      8157.33  1.24182e-14
      8159.82  1.19274e-14
      8162.31  1.25062e-14
      8164.79  1.26367e-14
      8167.28  1.27821e-14
      8169.77  1.26872e-14
      8172.25  1.26755e-14
      8174.74  1.24503e-14
      8177.23  1.25030e-14
      8179.71  1.15051e-14
      8182.20  1.13024e-14
      8184.69  1.15354e-14
      8187.17  1.20433e-14
      8189.66  1.20128e-14
      8192.14  1.11927e-14
      8194.63  1.10351e-14
      8197.12  1.17926e-14
      8199.60  1.25791e-14
      8202.09  1.24372e-14
      8204.58  1.24588e-14
      8207.06  1.22395e-14
      8209.55  1.28497e-14
      8212.04  1.21653e-14
      8214.53  1.21581e-14
      8217.01  1.27519e-14
      8219.50  1.27391e-14
      8221.99  1.24291e-14
      8224.47  1.25468e-14
      8226.96  1.29852e-14
      8229.45  1.27749e-14
      8231.93  1.27398e-14
      8234.42  1.26281e-14
      8236.91  1.27897e-14
      8239.39  1.25227e-14
      8241.88  1.24959e-14
      8244.37  1.28673e-14
      8246.86  1.28520e-14
      8249.34  1.27370e-14
      8251.83  1.25141e-14
      8254.32  1.23322e-14
      8256.80  1.24412e-14
      8259.29  1.28924e-14
      8261.78  1.29405e-14
      8264.27  1.34036e-14
      8266.75  1.27107e-14
      8269.24  1.25906e-14
      8271.73  1.32145e-14
      8274.21  1.27099e-14
      8276.70  1.27388e-14
      8279.19  1.26220e-14
      8281.68  1.27012e-14
      8284.17  1.24885e-14
      8286.65  1.26805e-14
      8289.14  1.28103e-14
      8291.63  1.29594e-14
      8294.11  1.25467e-14
      8296.60  1.27281e-14
      8299.09  1.27606e-14
      8301.58  1.24016e-14
      8304.07  1.22680e-14
      8306.55  1.24164e-14
      8309.04  1.27092e-14
      8311.53  1.24563e-14
      8314.02  1.25628e-14
      8316.50  1.25873e-14
      8318.99  1.29879e-14
      8321.48  1.25868e-14
      8323.97  1.19785e-14
      8326.45  1.16988e-14
      8328.94  1.19234e-14
      8331.43  1.21318e-14
      8333.92  1.20904e-14
      8336.40  1.26167e-14
      8338.89  1.27794e-14
      8341.38  1.21335e-14
      8343.87  1.23061e-14
      8346.36  1.24172e-14
      8348.84  1.26505e-14
      8351.33  1.21316e-14
      8353.82  1.24786e-14
      8356.31  1.27672e-14
      8358.80  1.27500e-14
      8361.28  1.21042e-14
      8363.77  1.25586e-14
      8366.26  1.22034e-14
      8368.75  1.27681e-14
      8371.24  1.26220e-14
      8373.72  1.25687e-14
      8376.21  1.21122e-14
      8378.70  1.22355e-14
      8381.19  1.16196e-14
      8383.68  1.15588e-14
      8386.17  1.17421e-14
      8388.65  1.19763e-14
      8391.14  1.26520e-14
      8393.63  1.29450e-14
      8396.12  1.24836e-14
      8398.61  1.26601e-14
      8401.09  1.27579e-14
      8403.58  1.30208e-14
      8406.07  1.29879e-14
      8408.56  1.26838e-14
      8411.05  1.20344e-14
      8413.54  1.27130e-14
      8416.02  1.31561e-14
      8418.51  1.29650e-14
      8421.00  1.23426e-14
      8423.49  1.20387e-14
      8425.98  1.25187e-14
      8428.46  1.29614e-14
      8430.95  1.24094e-14
      8433.44  1.13437e-14
      8435.93  1.20110e-14
      8438.42  1.23677e-14
      8440.91  1.28536e-14
      8443.40  1.22881e-14
      8445.88  1.23448e-14
      8448.37  1.20866e-14
      8450.86  1.23958e-14
      8453.35  1.27129e-14
      8455.84  1.21618e-14
      8458.33  1.21914e-14
      8460.82  1.23795e-14
      8463.31  1.25125e-14
      8465.79  1.18187e-14
      8468.28  1.21121e-14
      8470.77  1.21056e-14
      8473.26  1.29424e-14
      8475.75  1.26723e-14
      8478.24  1.29759e-14
      8480.73  1.25698e-14
      8483.21  1.30352e-14
      8485.70  1.24009e-14
      8488.19  1.29455e-14
      8490.68  1.27713e-14
      8493.17  1.17961e-14
      8495.66  1.18814e-14
      8498.15  1.24941e-14
      8500.64  1.26138e-14
      8503.13  1.25266e-14
      8505.62  1.31588e-14
      8508.10  1.30179e-14
      8510.59  1.25327e-14
      8513.08  1.17745e-14
      8515.57  1.17278e-14
      8518.06  1.23959e-14
      8520.55  1.25245e-14
      8523.04  1.26468e-14
      8525.53  1.27658e-14
      8528.01  1.25740e-14
      8530.50  1.27061e-14
      8532.99  1.23798e-14
      8535.48  1.23166e-14
      8537.97  1.15474e-14
      8540.46  1.10368e-14
      8542.95  1.13177e-14
      8545.44  1.16142e-14
      8547.93  1.25139e-14
      8550.42  1.26211e-14
      8552.91  1.21742e-14
      8555.40  1.27627e-14
      8557.88  1.28220e-14
      8560.37  1.25687e-14
      8562.86  1.27744e-14
      8565.35  1.26877e-14
      8567.84  1.25499e-14
      8570.33  1.28163e-14
      8572.82  1.29451e-14
      8575.31  1.33798e-14
      8577.80  1.24859e-14
      8580.29  1.29040e-14
      8582.78  1.26702e-14
      8585.27  1.29072e-14
      8587.76  1.30686e-14
      8590.25  1.32084e-14
      8592.74  1.36739e-14
      8595.22  1.26848e-14
      8597.71  1.31082e-14
      8600.20  1.31869e-14
      8602.69  1.27006e-14
      8605.18  1.31405e-14
      8607.67  1.35277e-14
      8610.16  1.23136e-14
      8612.65  1.33050e-14
      8615.14  1.30859e-14
      8617.63  1.29050e-14
      8620.12  1.28443e-14
      8622.61  1.29896e-14
      8625.10  1.31393e-14
      8627.59  1.29012e-14
      8630.08  1.32529e-14
      8632.57  1.35264e-14
      8635.06  1.33161e-14
      8637.55  1.27130e-14
      8640.04  1.33772e-14
      8642.53  1.36829e-14
      8645.01  1.34707e-14
      8647.50  1.31040e-14
      8649.99  1.34986e-14
      8652.48  1.26628e-14
      8654.97  1.23304e-14
      8657.46  1.15958e-14
      8659.95  1.17927e-14
      8662.44  1.19098e-14
      8664.93  1.24842e-14
      8667.42  1.35053e-14
      8669.91  1.29102e-14
      8672.40  1.28785e-14
      8674.89  1.28099e-14
      8677.38  1.27566e-14
      8679.87  1.26106e-14
      8682.36  1.32712e-14
      8684.85  1.25290e-14
      8687.34  1.24417e-14
      8689.83  1.22934e-14
